5055
7351
5047
4290
6816
6228
1923
9754
392
1079
2205
1168
8325
7838
2717
992
9201
6828
7120
1119
349
368
1156
9145
4131
559
7671
1314
5000
3052
7685
8933
3472
6122
795
477
7425
965
7273
4103
2658
491
3198
9603
6311
9054
1260
4673
6496
8486
4671
3235
1776
8827
680
8013
8050
9881
4217
8883
7467
7130
4187
3919
488
9097
4733
8404
2775
6024
2805
4275
7077
4546
9637
578
377
2232
9444
9738
2025
3492
5882
9423
395
5430
6912
6275
238
3166
9136
4091
5598
6352
872
1825
3491
8904
3547
164
5540
5100
5983
6809
7672
1139
9535
1878
9353
8044
6842
9588
9891
1953
5135
9075
6507
3256
6535
7291
2065
1299
2779
6447
9368
6991
3032
8550
6604
5081
7271
6775
2456
2785
2379
4652
7912
9981
9783
7187
5218
6254
4422
6056
6591
6832
7258
629
1435
8446
3896
2284
6590
8363
7448
3122
2998
569
9459
5846
9510
9550
4379
9486
2761
779
7768
2127
7484
9069
1460
8774
8831
1239
7601
8886
8101
2593
225
8030
8663
2092
5879
5714
753
710
3021
4728
5403
2381
9866
8278
9749
8459
2920
5039
9014
9993
9889
3964
7395
497
4568
2659
7177
9262
4350
9289
5244
2351
1683
281
2944
6975
905
7154
7018
3333
6538
4732
6437
5563
3242
7821
4003
8003
1529
2320
9481
7988
8840
8631
4908
5837
6598
6086
3931
8858
4881
3159
8996
9359
7631
1209
2764
817
8461
1000
5350
8318
8959
9173
8956
5441
8410
1869
4101
695
4426
1502
4297
7638
1648
6306
3029
8524
4744
9291
1243
8819
925
4167
6341
2422
549
915
2154
4590
3484
8200
9757
9976
4914
9601
4949
3985
3727
5986
4472
5901
3580
9928
3881
3397
4785
7319
5261
2751
7168
9383
5922
212
9337
6030
2245
5241
8624
9239
6922
7404
7079
1805
6931
3702
9034
5212
5073
3323
5298
4160
4975
602
5023
1539
9210
1103
9997
5599
1538
113
7576
8551
4203
2866
2285
4771
5679
8936
5709
5209
9347
8252
1623
1876
5229
147
7148
1135
9802
1865
7723
282
3281
8803
5970
2780
2383
1632
2857
1925
8344
1745
1806
6531
4270
7992
8972
7539
475
1929
2813
2652
7036
4862
5760
7559
7381
2216
1885
2477
8454
8950
7441
1317
2579
2312
2960
7097
7815
5802
8216
5852
9585
2043
6262
5923
4052
6060
2233
5453
8599
1799
618
8844
47
8775
3272
7427
391
6493
4704
5179
8970
7610
9883
6799
892
9357
4965
5979
7704
3608
8677
4195
7648
5794
7170
979
5087
8540
2085
5511
5355
9138
7004
7830
8574
776
1952
9950
1545
8024
9461
2186
8374
4727
4547
1548
7811
2931
6933
5093
8029
3145
5622
2095
6888
8133
1122
3255
5736
5481
3635
2631
8375
6289
9801
2439
9177
7175
3363
6801
1462
6939
1043
4967
8109
2642
1686
6681
7434
4730
4059
4549
7825
2997
4341
2758
5624
8479
6993
1722
5213
8730
1718
8907
5896
6866
996
1721
4718
8512
9416
3067
1454
9876
2731
6616
5253
6552
6795
615
2830
9706
7968
8652
6349
9744
2336
3826
3670
8119
1473
9304
648
9366
9257
6231
6293
9156
7834
6674
8940
7826
7251
5615
1108
6876
8747
2646
8515
3236
8126
5425
3561
209
9991
4034
100
8507
8298
312
4267
8610
7075
4228
6522
4882
8541
6125
4177
9961
8738
7088
610
5520
997
8033
3340
4596
2508
5367
3774
2149
4080
5011
8947
9150
2029
631
1065
6282
5536
3932
4647
3966
9164
1053
2747
9989
4880
2028
2455
5106
8035
108
6947
8931
3741
4000
6044
8412
7227
127
2403
3693
5973
3685
381
2327
5575
7051
4402
7350
8665
7591
2450
7876
1375
1828
5242
8221
8075
9134
9913
6924
3785
9264
2820
1719
7967
9165
2179
9874
5234
337
3576
882
8971
1267
4271
3381
9549
5748
6858
1951
6729
3632
3629
8402
3163
936
8053
4237
758
6345
944
399
4040
898
4639
5568
1736
6470
2900
7414
1153
2262
3631
2415
8137
3165
3081
4650
5451
5800
2473
6283
7466
8718
3268
7426
6797
624
2584
7360
319
1553
7320
1319
4097
7856
5631
787
1054
4569
3597
6537
5308
8694
9982
6191
140
5809
5444
6450
5725
9462
7438
8628
8911
1664
4930
942
836
8500
229
1687
96
9242
7640
7676
191
20
2964
3700
4919
5670
1672
4027
8345
2551
7983
3287
7067
7847
1911
1017
5589
4108
9533
6490
565
1584
4268
534
8656
594
700
4392
8713
3088
7905
7138
6927
176
2380
5001
2208
3952
9447
7998
6925
9172
3447
6049
4249
6213
972
7779
2748
3775
4136
5077
7623
3076
593
7871
7776
3660
4863
8865
9215
6375
3490
4825
7795
6919
9061
253
2240
2895
3205
6819
3981
7329
6756
2958
3634
7399
7149
2145
1562
1195
7371
9251
456
8357
3772
4944
2454
5996
6286
9382
6177
6695
5151
2676
8575
3575
7829
1809
3776
3870
9297
8179
6369
5851
5776
1246
3925
7463
9852
3501
8580
3810
6331
90
8704
1691
8116
8763
2651
736
6303
2147
6245
6111
7964
9250
5043
2999
8834
1307
3675
8918
8188
3950
5344
9429
5359
8791
5949
5307
6745
2730
7206
8812
5343
7302
7579
3850
7339
1280
2306
7357
5603
6773
4545
9985
8674
7352
673
4244
9916
7682
8796
8897
7449
8206
7146
5427
2049
5402
6722
9026
3156
5974
7255
516
7223
3280
9597
4937
3578
1434
469
752
3609
5885
185
1936
2588
834
2611
6041
3621
1082
7824
89
3515
1
1361
7874
3823
2510
5436
217
8838
3796
8642
5975
8761
5068
4726
5857
8011
2181
3416
7453
7569
5495
2519
966
1201
3595
8427
4476
7689
6619
3121
2144
5711
8121
2874
8717
7911
3114
2138
9787
6724
7087
2027
6640
5195
1643
2056
243
5909
9106
8702
4007
1862
4002
3836
3002
3013
8673
3373
2281
7705
8258
293
945
5462
4393
1242
9071
2818
4373
4119
7396
6942
6601
749
8266
5185
6079
3063
7330
2479
9745
413
1275
3833
9502
9432
7133
7859
9631
8285
6226
8347
968
3969
4067
6497
8436
4705
9837
7740
5832
4708
5567
157
1116
1478
2679
2185
1259
1268
7081
151
4895
4997
900
6629
6377
3805
5387
5075
1894
9331
5696
2086
2791
4055
3607
6210
7505
2968
1552
5738
2371
1010
5143
5997
4276
8194
1308
9667
7935
27
6195
7609
6717
6063
6333
493
8501
7616
652
7531
9595
6422
3331
4698
7121
7907
7470
316
7787
8213
8494
5364
213
7890
4943
7568
4418
1898
4739
6189
8546
5110
3834
7474
7924
1352
9049
511
3728
8654
8923
8012
2451
3234
1423
8930
8150
8177
7496
5675
7455
4216
2487
8553
1092
3480
3141
1770
3601
8027
5768
1200
9143
8675
6144
4351
508
4242
8620
8632
2671
3846
1171
3317
3851
3579
8064
6944
6176
4303
6235
1087
8253
7710
3798
2543
8948
9954
3562
582
2562
3530
6166
3239
4748
5950
8439
5372
350
7383
6028
1720
8608
453
4535
2297
398
5889
6700
7114
5349
8597
622
9338
4361
693
6935
4669
755
132
7030
8709
1621
2732
5036
8879
2398
3148
7212
924
6547
7879
6806
1441
9042
2342
6421
7910
1405
230
1164
9590
4543
6192
7373
4859
199
5400
7946
906
2888
7706
833
3968
525
4713
1305
4157
2516
2729
7958
8043
6335
8958
550
2352
2419
3420
1877
895
4621
5978
1395
8750
6129
1338
277
3794
1343
3440
256
3064
2768
356
1151
7717
9860
867
8034
6307
1098
9867
760
9240
685
3777
7996
1468
6019
7143
6852
5786
1397
1345
7324
5162
5907
2088
2521
3329
5284
2155
5429
546
7751
5204
797
5269
3662
3244
2166
4011
807
5828
835
5600
2720
9137
4644
4986
2260
9314
991
8236
5432
5487
725
9949
9290
8092
7123
554
8458
1162
4817
1526
1837
205
3496
537
874
9573
8697
9230
1804
9861
1130
2608
6710
7783
8311
9704
5731
1759
3410
9062
3521
9545
1899
9814
7880
1381
7106
1102
8681
4240
8701
735
2774
5602
2105
6240
5919
9632
9265
4985
1282
5483
9822
2111
4589
5850
1221
2319
4369
266
3099
8465
5433
5681
3620
8964
2890
782
8166
3958
1077
4161
3441
8951
592
8513
3543
5379
5348
4222
6085
5274
3134
4207
3955
2917
5082
9146
6830
3820
847
8521
4348
9220
7372
9798
6914
2506
8543
861
1194
9758
9284
2817
617
6921
8630
165
7739
3273
1764
4749
8573
3724
6441
2913
4409
3112
303
183
6408
6304
9084
9698
379
1582
4016
8655
9917
2468
1594
2981
3379
2108
520
6890
3705
8795
1207
1217
9847
3117
2495
2942
3784
6886
2792
4158
2650
8822
1123
7432
3843
712
5921
2067
5904
7314
1867
6161
7882
3358
7086
8115
9358
8358
2950
8891
3977
3450
3214
4972
9855
811
4477
9390
4977
5264
8641
5063
7628
7007
315
4053
327
1603
1859
2360
1424
1920
1372
4876
6908
6097
7525
8289
3628
6812
2910
6734
4316
2314
866
2376
4042
724
2988
5145
9488
5286
788
5767
7585
3897
8478
8937
2302
9074
2202
3527
8396
9142
2313
5327
3223
7027
5111
555
4317
2226
9187
67
7814
8605
5469
860
9564
6190
7561
6021
2515
9673
9001
1768
440
7575
8903
6661
5004
8399
4840
4186
6863
1211
5831
7491
8288
4850
6050
3457
7546
6648
4414
1404
2254
3110
4810
4438
7199
2374
934
4616
8723
6171
8079
523
8193
3692
2759
970
2418
9507
418
2939
2802
4566
704
8772
4215
9410
5811
6457
2004
6002
2057
6323
6877
9475
6841
7643
5570
5877
986
6941
5659
3503
228
7477
4079
1564
61
7222
4051
5407
77
299
3671
5256
7286
2682
8208
9880
5482
7545
3867
7841
5649
515
4674
9226
5248
9692
2364
2790
5062
1005
4670
9780
2161
5787
9803
8954
1487
8229
3910
259
9938
2402
6132
9253
5887
9485
1490
4860
1264
2350
5705
3761
739
394
5178
2343
3140
2497
363
6069
4797
649
9724
6642
4265
2563
114
8083
8394
1514
2657
9394
9832
9538
2923
7839
8222
1042
9735
951
5783
2592
8946
6260
5431
2724
7468
4211
4439
5521
2586
196
662
9639
3886
4884
2530
9925
2540
7047
8082
7232
494
3743
1995
2112
854
3437
1146
9781
2625
2819
2733
1203
2280
4339
3024
3279
143
3348
9870
672
2749
4649
4942
7115
3247
8644
8849
1665
3055
8384
3284
6322
455
1918
323
1069
8203
1006
3212
2800
317
4294
4389
8095
5918
6209
756
7172
6596
1401
2421
2268
1747
6995
9185
1666
8323
65
6017
4513
1320
2599
3535
5366
868
3487
2672
2940
4252
6712
9098
1575
1602
7650
786
6258
2840
1746
5727
9594
6305
8368
4162
5754
8514
2434
3995
818
9565
76
428
707
2212
7462
881
4074
5010
4994
4641
1660
8572
7347
8224
6273
6988
1679
2547
1278
8588
6762
3618
414
6855
286
4149
7782
4021
2265
6353
4992
7581
4470
6309
83
2308
5948
5797
8117
2639
7446
2990
9123
6124
8307
5663
8525
5033
5176
1775
5009
1676
5173
6759
8570
41
7809
177
1797
6850
2564
1451
9229
7265
8981
4464
2321
7644
1046
5027
2316
2673
4852
9386
7365
7301
5285
849
684
2799
4305
1563
4511
5726
7111
8260
9425
3483
7211
9694
7850
6120
18
7092
4075
3748
7249
5315
8817
8751
8619
8544
3359
7870
3075
4902
4358
3864
6263
6906
3643
2425
4264
5836
1128
4180
4168
6194
2875
1099
7054
1410
1627
637
7800
9580
342
5091
8162
791
947
7594
1481
3808
1180
3673
3710
1266
9753
6118
4155
9695
9155
8661
3649
943
4398
9726
2881
5263
339
4617
529
5376
6821
579
5191
4699
7306
5386
7725
7852
4855
7338
2213
669
661
6949
7073
4734
2853
5845
8175
6001
5876
1528
9890
9875
7743
8346
7165
7261
3456
8965
2246
9681
5506
6853
1249
7433
4742
2157
9527
3056
6607
6951
9420
6581
6666
2282
5420
3717
1762
7237
5947
3854
5820
6794
8246
1289
9306
4196
2215
4239
9906
9008
5232
7417
2107
3577
2323
4871
6393
4381
30
8078
640
8609
4753
3309
3248
2030
1141
1107
8614
3816
6693
2757
3536
3301
1668
7812
4143
5160
6524
9120
9163
5546
8146
9176
1204
1786
5798
29
9663
8495
4235
2667
2921
4501
801
9375
3361
1276
5374
2669
8443
3593
877
7017
1236
5266
6488
9713
1778
2392
1215
3332
3365
6796
3902
1826
1938
2362
9817
3877
449
7089
5610
6950
2128
1640
5461
4605
9849
1650
7117
5682
6321
6715
3187
3650
9354
5667
3452
9224
4378
8303
8182
4565
2811
3760
6671
7913
6771
1588
5003
9280
7541
5048
8276
2869
3988
7389
2261
62
8561
983
9255
2689
1932
4396
8820
1198
6744
4284
1637
987
8084
6740
3216
6560
7535
9689
7100
1457
733
7358
1781
1777
7674
8217
7854
9090
6561
8469
723
4714
7397
1915
1568
173
7313
5790
8428
7883
632
5956
1903
75
4205
913
4386
8527
2709
6760
8809
2113
1662
3060
9962
175
5668
4451
1002
3878
5522
1993
2527
8736
1592
2472
4330
5870
136
7370
7235
1172
577
6199
5088
1617
4562
6622
9085
7243
8242
9707
1798
3016
4678
8992
2876
6766
7012
4692
6605
512
8480
2102
1061
2406
279
2227
6239
2354
7836
2835
4653
3010
5153
7029
6847
7656
4453
3042
4387
7817
6916
2906
3945
7599
3787
8502
1199
5278
8138
206
2457
7053
2548
2117
4417
3238
3971
9305
8151
1376
345
2992
9088
7333
2270
8254
8913
1126
5583
6373
6793
309
9624
7955
4479
1902
6688
9856
5279
3991
6690
574
6586
4343
492
4416
1569
1106
2301
1639
3477
4984
5766
3375
7065
7786
5510
8008
3225
9678
8869
6782
3537
2504
7105
5722
8094
8342
4931
6365
5619
7564
6784
2867
9272
6402
9246
1479
5759
7504
8991
3143
2719
5479
9674
9424
6553
4646
2040
9349
9531
8197
495
3305
431
3399
4468
3186
6395
6928
6146
7728
291
2344
9414
2714
3895
3994
4777
999
3310
8932
5758
5227
2151
4023
8647
3153
9576
8433
3868
2299
5894
2031
2015
6774
7282
3290
3466
2447
6999
444
8090
3314
7162
9473
8333
6100
5977
8715
5124
4233
6105
5246
7990
7538
8016
639
6
2195
2837
3615
740
6127
8900
9882
4028
6482
4502
9067
612
9697
8591
5079
6969
9325
8818
4976
1175
9244
1469
1609
9175
536
7629
1695
6582
6823
8866
7336
5473
7435
3734
2715
5192
8153
9276
3617
3619
3345
3408
6398
4661
9116
3804
5255
385
4603
87
486
476
1983
9252
7596
6849
4493
1796
2684
9403
5361
914
4412
6368
8329
1673
158
9248
5020
153
6359
7771
1148
8309
8651
1550
4808
5259
7828
8243
8586
6093
7015
6811
2396
6962
4816
6611
4478
7510
8471
4404
8832
967
4457
5691
7630
5080
8466
9010
643
2347
8380
5753
1612
4302
8042
8397
567
581
7863
8629
1636
412
168
6351
9057
9348
8672
4763
5334
8648
3875
9715
6435
974
8587
6440
9556
8776
4159
2209
5133
2870
3277
9286
8528
4768
8836
457
2567
4970
4973
980
5032
1854
941
1033
5040
3782
8859
4334
1309
6232
2861
8096
1402
3478
4109
4885
9494
3653
7342
2332
8764
8265
405
9618
5717
8209
5834
1769
7889
6685
8248
1717
7145
3253
5168
1248
5903
1667
3051
6617
4494
7858
9922
8752
1661
666
8662
1849
2359
8938
4445
1875
5161
9763
933
3417
6247
7565
8168
747
4102
9986
5840
6595
6505
5839
3857
9151
9048
1783
9275
5998
6824
1355
9766
4319
5605
9936
3038
6753
7057
1287
9298
5157
4147
8379
2666
9483
7778
4921
3327
8356
1219
7634
4685
2122
241
2956
5899
2131
8547
6577
4184
5455
1744
7953
2912
2006
9081
3485
2177
1250
375
4893
9967
8104
9294
4700
3502
7061
8961
3599
4801
2681
4362
60
6343
9029
5504
8327
1739
1003
9826
2989
2066
3714
6930
1252
505
6107
6207
5892
4512
540
4122
832
1279
7534
7775
876
7471
9675
6770
608
4534
44
1364
3996
8293
3479
4291
7043
9321
4087
3488
3158
6676
3516
4518
6566
7945
3613
9434
917
9023
3519
7652
1893
5131
1855
1094
1813
5778
9956
7915
2275
9770
9515
7490
105
8874
9684
7415
9016
7085
5900
719
1705
6808
3119
6546
3980
8668
219
5500
2699
5230
5688
3558
3989
7340
6133
8783
988
4037
1270
6743
2661
155
7495
1485
607
6371
8579
1218
3664
3666
9534
3873
5357
4618
8782
6221
5102
7515
4368
2346
9161
7692
3445
6867
4740
9516
2224
6214
2643
5642
4532
3801
2442
6374
2021
8660
1972
7532
9107
5239
8873
3555
6618
3189
4456
5939
850
2397
5737
9808
3517
3665
150
197
3462
244
7074
8167
1890
4966
4251
310
5030
8425
9028
3590
1509
4846
3444
6977
4752
2330
998
187
8123
3726
1671
6910
7985
5018
8611
4428
862
8220
7312
3715
4530
2991
2965
1351
9727
7827
7654
6119
4005
2142
4830
977
4480
2589
3722
8088
4723
2433
6274
8377
5199
4061
1071
4488
8089
6074
7762
9987
4070
4527
2109
8279
678
9541
1675
3037
7431
6533
9677
66
6989
9385
4150
5140
2331
4427
5190
2445
5835
6180
4498
6732
8021
4490
4779
2712
6430
9047
8556
9821
2542
1101
7807
5824
9388
5915
1233
9563
1500
1785
5363
6147
2369
436
4329
3731
7641
9712
3269
9184
386
4069
8354
1063
8122
1113
5905
4857
5066
2032
5669
655
6987
2104
5914
9751
4828
1689
268
207
3892
4010
4927
5864
742
2827
6917
9944
4868
1767
8724
2970
6492
2582
3786
7603
9525
1105
7064
6203
8226
5219
2279
233
6694
763
5061
8828
4299
2087
1703
5398
289
7730
1450
234
32
8690
6673
7366
4936
427
110
3982
4092
4230
5486
9612
2635
4963
7934
6826
3511
5645
1760
1114
1935
247
1348
4814
2855
7201
7980
8072
4128
9428
6889
3089
3085
2363
9271
8228
3320
9387
4675
2152
897
4004
9078
8805
748
9167
6741
4411
609
6833
1784
6418
6112
2784
3009
3040
5331
7878
6236
9777
7178
2207
5118
8256
1870
430
4575
2938
6416
1467
9315
9093
7769
5217
8005
4615
3762
1848
6704
6202
3528
6542
3142
727
7412
1779
4458
8419
5548
5861
2670
9995
188
959
1357
149
4861
8917
448
8757
4909
9079
8872
8204
9351
8519
2129
9303
9872
5318
746
5447
13
7619
7125
7116
4170
3987
5595
6319
3849
8450
3118
7557
6211
4998
4174
464
1871
5883
8779
2590
7766
2728
3494
6834
4666
4304
8695
4687
1452
2438
2883
7254
6172
4781
9152
3000
6291
3858
9300
7209
6233
6302
3376
7587
8102
2471
1998
2929
7464
3406
5272
3997
2311
8191
3681
9682
1945
1350
6106
9045
8085
1551
6677
9421
1406
4622
5206
3767
388
7760
6478
5902
4544
9064
3068
8890
442
7925
8899
7549
1296
3104
5769
8460
562
2854
9117
2918
6514
1222
8688
6087
3638
1144
1596
3550
1385
5805
438
8467
6568
2
31
9205
9237
3124
2557
8387
7512
3506
1110
4637
9752
7355
894
9884
6534
6932
2180
6242
5231
8418
717
5282
6010
3497
2948
6033
2511
3174
7593
6563
7714
8602
1965
6103
4769
1241
9723
2236
235
4281
8142
1225
8190
1035
7947
4336
8669
887
1872
1520
626
4431
8493
9006
9313
4856
4836
5784
6486
3944
6859
8850
5549
9025
5304
3241
4432
3405
5488
9111
9909
7241
2501
9183
8219
9994
1788
6383
2444
8698
92
7242
8364
3569
5788
605
7191
4929
3036
1980
5553
8710
6902
9833
7194
26
3090
544
1464
1735
9551
604
2141
5356
2196
5952
7048
1205
3594
7553
1369
4210
3807
6686
3313
3093
5154
6188
9341
9784
3023
6270
5323
284
5849
7803
6767
3545
6356
6599
8440
2512
2386
2328
4038
4227
6520
2772
4090
5512
611
2249
1504
2076
2957
2889
6641
6296
953
4655
4612
3150
3531
1858
8627
1265
4869
5590
730
952
6223
3366
1830
7497
3773
222
5742
5855
4611
8445
5954
9683
9722
1511
7160
9411
2627
6102
3669
8508
7217
2660
1274
7316
4287
3240
4957
4006
6047
9285
8332
9969
828
5929
8074
1886
1188
6550
6569
6460
668
3947
7109
9793
7560
6501
8984
864
3471
5413
5577
7253
4835
6269
7084
4890
4951
1186
7503
859
9083
4792
8941
481
6739
7612
8640
9965
6887
479
7675
1422
4151
4189
978
1860
8449
721
1729
3678
4941
6612
5373
9520
1659
3606
5454
3778
3460
7388
3316
7936
5053
659
9657
7207
1358
9505
7688
1818
5238
5558
4058
1889
5585
2864
2146
8076
553
1408
6513
6332
3520
5591
2726
5423
6022
8393
2882
9209
437
2167
166
4574
1619
912
9452
2033
2569
34
2904
3296
1374
9718
8319
6067
1572
6692
7220
5856
1417
1284
6151
709
902
4766
2513
4631
7046
4397
9076
7944
9141
2842
7259
6433
1810
2191
3652
9895
7792
8424
9988
5050
6961
9040
3380
7524
397
8810
4865
8523
3992
1605
6385
7010
9561
2307
7173
4979
7128
6839
4522
274
6378
6434
8304
3144
3956
8447
7095
1710
5704
6504
374
2037
5927
9099
2664
3388
8943
3113
2096
8172
3202
2074
8728
9908
2756
1177
4285
4827
5562
2911
4520
7843
1439
6551
4322
2466
249
2614
1974
5474
8488
8784
9056
2902
5389
9666
1254
1055
6878
6384
532
6182
827
6054
4926
5014
6150
7236
1916
4241
6635
4111
6934
8637
3019
5478
9043
4724
5723
9367
9653
5322
8657
7317
7877
4594
8306
6281
1427
1095
3194
8352
7940
8413
498
6511
8983
7727
202
6580
4250
499
3824
7653
575
3062
5771
871
4968
5946
798
1182
8693
484
5755
6386
5408
8912
135
2114
4925
5341
8626
9322
1492
5981
513
1083
7293
8320
5935
4628
2928
8914
2711
1956
351
9491
6297
6020
7511
3993
3713
7700
9277
6656
1773
5988
8046
2686
5419
7926
3567
6626
2691
3402
1847
4920
3014
789
4948
8496
3554
3529
8977
2292
1771
6558
2078
1997
445
5377
4715
93
2423
9848
6012
4375
3369
2217
6234
6058
3998
5872
4799
8201
7987
6650
3856
6285
9617
8152
5498
2325
4225
8100
4145
519
1928
7930
7180
6068
2486
5472
3584
4224
6149
1060
7868
7132
9125
6872
6454
1420
1748
4844
6923
9973
8362
3729
9570
870
5576
4610
4473
9478
6897
4773
2977
251
7848
9648
3596
5687
7458
7796
4105
4463
6516
527
1303
3894
1456
7300
9196
7797
8448
2880
4179
4446
7851
691
8098
6548
6800
3252
7457
5071
6536
6747
2243
6958
7137
6152
2317
9493
6090
6860
9975
1709
5037
5163
2463
3475
6703
7798
5732
366
7813
9269
2879
5119
6557
3385
2211
2093
3610
3872
5067
1001
7597
3983
8081
1015
5146
2296
4199
5639
8894
5878
9626
6574
8215
658
8073
6229
3696
5657
119
4819
272
4609
471
2432
7156
7334
1072
7059
8039
2821
5962
5207
8103
7260
6786
6899
7808
5
542
4114
6983
600
4261
7979
799
3708
1011
7959
1757
2460
9355
5980
6998
4039
3657
2139
9011
5148
3219
9517
3285
5940
3771
9984
1750
1647
4255
9512
595
1543
7657
1321
2919
9743
5058
1829
1530
7056
4066
1839
5658
8330
6664
5780
5200
856
2440
8353
8349
6804
6464
904
5895
2520
263
5287
4514
2018
9670
7637
5545
2621
6562
8032
4282
7846
6255
6014
9974
1032
6964
583
3659
8554
2723
5054
7193
4307
4279
3598
5072
9288
4635
3938
535
3740
7256
6130
4958
8233
4556
5924
2707
9746
4629
9865
4746
1978
6400
6665
9578
6098
1368
5865
1045
732
4663
5475
9192
6525
2130
6926
8097
1247
524
656
7376
5640
3559
2277
4248
4531
6126
7820
1731
2256
7129
1176
3346
9247
4363
8308
426
2891
6600
2264
1337
6248
5056
9376
3035
6891
5225
4071
585
1908
9221
3275
6658
9761
5290
5443
2125
5665
831
5683
7400
961
9779
4567
7257
2578
642
5492
37
9690
1394
2189
552
1448
1411
2936
2283
4642
5791
5484
4093
4679
6980
7159
7664
9765
5601
485
2159
7733
8336
2781
4576
981
6683
8316
1283
2683
4495
528
171
3396
2858
3570
7508
3190
9604
8935
2826
7348
8315
5632
6608
7701
9144
3961
775
1853
9629
8682
7058
146
4987
2042
1178
6474
3829
7895
2119
367
8139
5505
4116
1138
2713
4049
1852
1601
5795
242
7777
3128
7855
8036
7250
4883
9402
2966
2295
9017
2435
3738
6606
8839
5360
800
7965
1127
6381
5557
1669
1681
5215
9701
4130
1901
7971
6731
467
7026
1363
3768
9654
1527
2353
2437
3489
3048
4626
5052
4469
6088
7269
2606
9778
156
2005
5628
9579
3948
496
8158
6517
4933
182
8287
3592
7932
9596
5115
7203
8558
8814
6540
7516
7659
2156
1226
674
598
8244
9932
269
5729
783
646
5666
2694
2140
7696
420
6045
9810
5823
3701
7767
5121
9589
6727
3467
3097
1499
7904
1019
1491
2084
3398
271
7380
3169
2399
6963
8004
2980
792
5673
1561
7119
5584
8691
2164
2872
9807
2405
4045
4407
664
5662
4015
6620
2009
8621
7680
5203
6204
9583
1041
4898
2341
891
6324
4837
6128
741
7451
2583
3654
5435
2607
2633
5384
9
1066
8639
7361
7112
7385
9699
352
1096
6034
5779
4636
3342
9599
2453
4697
8259
3736
8280
452
8321
2452
3800
3414
5741
9407
43
3426
1654
5260
7002
9130
4872
4796
7246
1930
63
4756
9000
3686
1026
2241
5750
7492
4085
3074
1590
59
2702
4337
4510
5777
6101
1335
5368
971
1913
9776
8999
280
8552
8680
7642
1800
2326
1419
5581
5888
8163
331
4024
4327
814
9393
7589
9760
5813
8475
816
8006
1152
3565
7668
7016
3965
8159
4787
5129
3464
1765
9903
3291
7001
8463
927
4460
5635
4915
2822
6043
929
8338
9480
4391
557
6011
8322
9771
9327
2574
7411
4118
2755
152
3125
7208
1541
7580
9896
1277
8542
390
8143
5881
1749
221
6726
2231
9584
8634
584
4310
8901
4218
5578
8658
6984
8708
8592
7931
4657
3887
9844
7283
3683
805
3175
8070
42
9879
1850
6139
2537
451
7099
3303
7919
9178
8437
2797
4651
7694
2426
6013
4681
5101
1484
3196
3061
8742
1084
97
3684
1732
2394
2474
2884
159
9307
9772
406
931
822
4060
6265
4656
8939
5514
2848
6344
1281
2600
6419
2273
2373
8381
490
3852
3135
1256
4380
8875
8645
1169
3548
2258
7447
4924
7501
2522
85
4349
9978
4638
1386
6870
1816
3914
4952
7408
470
7914
7331
5089
7991
5109
754
7547
3455
9446
2051
1503
4843
4604
5313
6136
7595
4106
6491
1210
3960
9658
201
14
5335
9070
1097
8568
6678
8192
5799
1994
4202
3254
6059
5982
2012
9842
6350
3806
4094
812
7072
6883
1560
7362
2833
5869
8973
1271
7045
3672
9037
7204
4238
7618
4315
9457
8045
39
7691
7543
4504
8367
5049
4524
2788
5257
4154
1161
4703
2035
4981
4467
8026
2766
421
7006
5551
5966
6798
9716
7155
3949
9033
8530
3050
6197
9868
692
9497
1573
2449
889
3923
8995
6512
2197
5210
6206
2393
9193
6186
3589
4807
3387
510
2483
2649
6651
2247
6123
9094
781
2190
4481
4129
9788
5930
571
8426
8376
7818
9552
5502
946
4301
8988
7
9374
4256
1136
8093
7391
9630
705
5224
2967
2594
2703
621
8141
433
4579
9153
3049
6570
7571
7663
2238
4505
1495
3292
1224
2274
7602
5528
2034
9418
7231
8431
6837
3180
1459
5452
6055
3821
7221
5848
7226
7409
2103
3750
3927
2793
5060
2596
2885
4521
8195
2716
9955
8942
5458
8451
9113
2375
3512
596
6885
3107
728
2251
2897
9939
1062
3103
5701
5710
572
2580
295
767
2849
7902
1631
3900
1325
9311
2898
1387
2745
4526
7552
4171
875
3337
5880
5917
5320
2704
489
3133
3788
3979
9408
6495
473
2413
1436
1052
5571
3783
4956
8607
1354
5267
7703
3434
121
1921
9225
4776
507
3753
9755
1179
4809
3195
7472
5690
7422
7481
3766
7849
5965
9317
88
204
4029
8170
2099
6415
4996
4989
543
7392
383
1512
4441
7063
6716
7995
4806
1269
1415
9587
7268
8337
9035
5761
803
9720
8928
1480
6452
9892
1634
5092
5401
9858
9830
3815
722
2698
178
5652
8239
9649
1075
2110
3859
8895
7962
1012
3386
9628
5167
5513
2389
7582
9122
4624
6276
1430
3115
2986
3027
8407
1790
4442
2982
3934
5928
6777
9412
5156
1610
4400
650
7069
5969
2922
8539
3377
1754
7842
8649
5516
5016
3978
3427
2126
4022
4578
5184
9769
2507
4164
1645
675
5404
9464
6813
8406
9640
2355
2767
258
3391
7844
3831
1193
9627
8351
8685
7198
211
4
3435
7621
4198
3942
3129
2529
9996
8712
5530
1962
7732
3712
6376
890
3495
6035
487
7707
1678
129
4782
4950
2192
5155
245
1931
1088
4332
6187
3827
9115
5305
5177
826
220
3668
715
3146
2271
4538
5457
7635
2776
4283
7127
4798
7567
4938
1158
8022
3043
8388
2892
7799
2492
4932
8811
1048
131
4035
4892
821
5236
5680
6436
1817
5249
5735
6007
6390
8087
7999
8916
1330
9208
2488
4324
764
2120
3522
8077
3312
7052
3233
5464
8185
1533
1273
1766
7806
9907
9293
2272
7136
8650
6565
950
7523
2886
4788
6543
4353
6856
4654
9127
5311
2242
425
8184
8360
1694
1674
6312
6253
9606
3791
6730
4208
6048
9154
2933
7781
2570
9360
6901
6403
2430
4851
6053
81
5332
1262
6428
4537
6212
6046
35
645
5637
766
8922
3226
8780
4867
9834
4104
4820
6449
7611
5424
7124
9963
4043
1245
2400
1290
7163
3439
4300
2170
5656
4821
2349
1081
9894
3271
1742
2706
1907
9523
743
5399
4597
8041
1291
2219
8555
3155
5807
2169
7266
270
2315
2234
7647
750
7473
3568
8400
5607
1957
2808
5448
2656
7279
3732
5734
7428
8409
1067
1989
7903
6573
3084
7326
7527
9445
3295
2648
4823
1814
4088
1322
1587
9267
9660
6257
3322
7972
7745
3069
1057
9301
5116
6168
3744
353
9951
3012
8804
9859
5913
311
3655
5463
255
1836
1542
7323
7600
3354
6948
1206
8483
7719
1458
7572
5990
7918
8247
1714
417
9013
6714
6357
8108
5477
8929
2303
5090
5412
5189
192
6026
7440
1131
5449
4333
9619
3572
8522
1688
2412
3909
2526
2368
2576
3639
3412
9854
2680
9435
7102
4419
1488
5496
1328
8516
335
8794
3463
6142
3372
5818
6469
6346
4720
9003
6670
1822
6646
6825
474
163
5844
403
8721
1143
7419
8237
6508
3020
6725
8503
4634
3335
3984
3844
2118
5193
514
9254
7480
5428
8205
5958
8994
5310
6530
4072
7986
5597
8223
2914
1421
333
5565
3181
4551
6062
4086
6936
2838
5354
2962
9401
472
7038
9460
6758
1353
7662
9119
3730
2001
2641
3723
3525
5547
6308
1185
7363
6272
4420
8563
9700
1498
5647
4778
9948
1579
5641
3204
9259
4486
9310
8781
3514
7228
9999
9509
3336
9396
4912
4645
8063
5596
3756
7509
4738
6267
3096
2162
2979
3644
6663
6631
393
8509
3357
7655
3940
9740
439
7135
560
9696
7190
5827
8565
7164
3077
5814
4762
2370
2075
8065
1433
6327
8760
2388
4940
9809
4564
2003
5166
8061
9607
2575
1638
8797
4360
4342
7588
74
3433
2080
5588
6532
9665
3841
8925
9350
9231
8562
9364
8557
4405
6477
7202
1339
1231
9902
7197
6173
9148
4598
7901
4706
8826
9058
2019
823
4137
3374
5992
4117
2221
6252
2675
320
8268
5757
6719
4891
2868
1933
2629
1240
2737
9869
8282
9328
1326
8294
4371
1670
283
5720
3860
1525
8843
6442
7039
6360
1589
3976
9080
2059
4905
4219
1400
6081
5661
347
9688
2555
8719
6425
7633
8037
8618
4660
2230
4366
8633
5825
5170
8019
5616
634
6630
1007
6807
1208
9647
9572
8670
7418
9977
2153
4176
9877
6971
2549
1570
3101
5371
4683
8173
9166
6040
28
5995
11
4009
79
7920
8241
2046
4132
5328
3542
5293
4408
4853
5002
1306
6634
49
8161
5875
3469
5385
533
3476
6754
4664
370
6769
8176
1311
4033
6417
1702
3746
2807
1947
8646
1324
8457
116
8086
8870
865
1293
9642
3157
2814
454
1120
5074
8823
698
5319
6822
6500
6443
8625
2829
9133
198
8714
8391
784
3465
576
3507
232
9339
7939
8245
267
6094
9964
5707
2685
5860
5096
3443
8048
9952
9326
357
530
1881
8990
8131
9362
6167
1840
1583
4709
4751
5580
5165
9263
5378
1109
8576
682
4904
8112
2725
1034
1982
5105
1515
8778
5083
9514
4960
5626
5804
6467
8331
620
2559
4900
5405
5410
5972
1618
6313
6140
7321
4188
5250
7378
8876
7140
4764
6873
989
4454
36
8310
8071
1391
174
9900
9729
4961
6875
590
8429
5297
348
4813
226
9200
7290
9702
688
7794
5503
1926
1977
6339
6310
7556
6089
4019
1696
5911
6075
2972
6788
4214
2203
6691
4377
3817
5028
3603
2534
9235
4826
4062
1294
3505
2094
7185
5862
2193
4120
9302
4057
4555
4278
9009
3338
5220
1690
7665
480
4889
1496
9169
1476
1611
6227
694
7126
3737
8867
7865
9160
9170
3866
1302
4772
3383
9292
8290
2796
1712
5070
4803
3250
6723
4767
2409
8583
6459
435
9736
8110
7328
3510
7683
1827
1428
9102
6298
9791
4606
8741
246
6728
340
4321
3072
9433
7982
8773
8595
4025
8302
3922
9850
7780
4980
3033
4878
1821
9598
1501
5240
4492
1559
4166
2894
5337
9851
193
3149
5390
7873
2411
7192
9537
8802
4190
9243
5821
5532
6463
7367
1238
2518
9899
278
9270
8985
3442
9030
7032
920
4580
7748
2441
504
9915
3210
4452
5538
711
6733
1331
3912
8118
820
6196
6564
6669
5745
4364
102
3422
8581
3636
9203
6096
1558
7785
7161
5396
6907
1991
5012
1471
8687
8806
3351
6940
8326
5221
5871
4484
3211
8538
4643
9742
9737
9417
1440
653
4461
6092
7264
1463
9546
6410
2172
4246
2863
4415
2101
6742
3162
9990
4123
5944
1819
7278
4135
4571
1586
9101
4193
6036
6413
3747
9191
4346
4455
3401
9504
4845
5541
3421
8125
8765
3933
6879
2647
5793
429
3646
2946
7875
1968
8808
6290
2722
6737
8230
9539
6621
2459
1050
9333
72
3297
9217
5134
3006
619
8261
3884
5533
358
4581
4165
7506
5623
6506
1851
8745
7166
6527
4953
378
6174
3213
3217
5785
1432
7134
2010
5733
1892
364
7699
2852
3324
6818
2071
6649
2856
5509
6555
5417
9592
5268
8025
1635
2741
5395
4026
5324
2173
3513
6639
6802
9942
9214
1730
4169
4496
6521
7456
8604
9885
5460
5434
5539
9555
2008
4401
4357
3508
8889
4234
3937
4280
8815
3473
7322
4483
937
2645
6911
6638
2812
9804
4140
6978
2391
768
2091
4922
3384
2738
460
4365
9741
9878
5186
1442
1202
5470
1261
921
8127
1014
9930
9157
86
6388
21
3625
647
5181
3438
214
7970
8371
3769
3733
5391
2893
7592
714
1263
7394
402
8987
8953
184
2136
3091
713
4260
502
9680
5897
1857
208
9581
4800
3413
396
2502
1465
1843
3674
5044
2804
9820
2480
1445
3343
5803
9413
9709
969
4259
9513
5762
9498
4879
3082
4928
7354
6154
447
2976
7141
696
8993
6472
9442
6372
1004
2587
7502
1288
4429
329
4014
9147
2436
8520
6752
2416
7835
8300
106
1089
5863
9693
6016
1132
2023
1155
2787
8596
416
3007
4838
8768
9020
4194
4308
5564
5703
9484
9687
52
3078
5265
1365
1756
9934
7712
7869
4659
837
9112
5013
3039
8731
3300
9904
5211
8976
5699
5985
6315
7789
8921
5283
7583
1310
6684
9222
5194
294
7469
7906
3428
9957
2630
7942
2090
4146
9898
2850
9309
3086
597
2843
3404
2115
599
3018
899
3171
5164
3566
51
8898
1864
2505
6954
2610
6556
5884
587
3658
4774
2097
1624
9024
9659
1008
3891
118
1969
465
1981
9862
686
1975
254
5480
1516
9625
7793
4125
50
6613
9181
6892
2544
287
5926
3889
3962
5559
4318
4824
1625
6099
8986
7916
5144
9212
6610
1506
7898
7636
9316
7040
2294
4178
1577
1382
3839
7429
1497
4253
7563
9831
7430
8250
2509
6366
830
7008
7181
6985
7393
3030
3298
3206
9389
3591
4459
4156
1522
2617
873
3228
8962
5671
2528
7416
7908
200
703
6869
5125
7337
1160
128
17
4608
734
6407
4894
4390
7853
6851
2334
813
7186
8060
1080
839
6115
4765
884
2269
276
1447
389
330
1223
3883
4465
7718
7948
4625
4312
3557
3556
853
9492
7276
1595
5132
706
1115
6185
7465
6603
9543
6974
4328
3526
7518
4786
3429
3203
6588
3368
2687
6623
3879
7288
2903
3100
757
7459
9839
384
4395
2541
2200
9159
3967
5097
4780
8716
4916
3432
2735
4667
3616
7200
9105
4289
7452
8383
9940
2150
7379
1426
8792
7343
4008
701
4719
7104
6163
8739
2568
2987
4440
4376
6292
3138
422
522
5630
7716
5968
5411
3258
3718
7353
8861
699
8686
5214
1377
1658
5838
215
3793
3137
6720
2736
8577
1140
1793
5300
6052
6438
9633
4064
8847
4491
2623
8504
7765
2340
8566
8059
8474
2464
5994
6614
5698
3486
5393
5749
4110
4191
6261
5180
3915
8113
8417
8324
9323
186
3706
7617
9021
4213
7994
3246
957
8415
885
2740
5025
1286
7332
2148
338
7460
7108
23
8328
1189
3095
2765
8905
8699
1874
9465
1036
2184
5812
5468
7309
3307
3423
547
773
5620
1801
84
6602
9600
138
8924
2329
1124
6643
8183
3959
4499
1535
5708
9195
3721
3941
325
8001
6545
6929
7724
1984
4089
6023
9805
194
1823
8348
7157
6328
7864
6973
7359
8199
6487
5517
124
3813
2498
4098
248
5342
122
4600
3251
7076
9324
9568
9656
9384
1909
731
3553
6080
7487
101
4988
8386
3865
4648
7091
1384
6084
2300
6701
7805
3651
8733
8888
6628
2309
7384
3614
8560
8378
9566
4338
8334
7686
5686
3003
6904
3540
7406
1737
4563
7150
2634
6288
5437
1521
3549
8430
5908
9748
2824
1966
2337
6183
4359
5747
1963
2041
5566
3707
3227
7522
7055
3045
1129
410
321
8835
1244
896
3802
8009
2663
1461
6791
2832
9918
8284
5700
6667
5216
2293
2124
216
7308
6698
1656
8896
5989
7975
1922
5941
6401
7461
4619
1159
2291
3899
7216
5740
3415
2678
964
3356
3260
5582
737
4760
8
6431
1567
9747
6070
7758
2927
3907
6473
8967
9773
804
9194
6414
4124
9921
9199
5943
1537
8405
354
5006
3328
4978
6217
4974
8600
2070
15
9124
6781
7823
7390
2250
8535
4355
5493
1147
6208
718
2013
4995
6755
73
1755
7956
343
1924
2485
825
539
4870
1021
9114
1711
6711
9970
8746
8385
8927
7620
6632
8111
9886
2116
4254
4755
4689
3822
1807
9012
4665
9479
3499
2448
3926
7750
2188
5015
5815
6672
1058
1693
2123
6301
5957
2561
2055
7713
9638
8518
373
3481
6654
4934
9236
8598
9234
6660
4347
2525
5560
954
1346
4736
8582
3221
4182
8767
2036
2622
2831
7887
9398
5542
9162
1059
3532
9373
2467
6609
3393
4204
8492
8365
8617
3182
5847
2475
4847
922
4793
8957
2823
7068
918
1873
8753
5171
9077
5024
296
5128
4517
9032
1292
7950
2744
6451
2514
1134
1910
9972
3339
9857
9553
4370
883
7966
6284
9149
9108
71
932
9227
6057
8799
8422
3282
636
5718
8281
2975
2620
9189
1684
1728
5312
9728
1954
2356
772
7303
1868
8585
7270
8549
1566
3461
8421
7420
6025
7021
5893
2058
9241
2366
8054
2201
5038
1950
1531
6116
4849
3809
8878
1150
3276
9799
6515
4065
7445
1941
4523
8821
5518
285
8877
5724
6502
3448
6078
8615
1370
7245
3837
9730
1883
7833
5499
1811
5868
6689
5712
4172
7857
4444
4795
3321
288
1407
1070
2710
6032
6445
408
7189
4682
4729
5933
9841
9828
3838
3642
3645
3905
4735
2665
869
3005
1834
6382
2072
8171
6587
8909
9496
19
3224
9052
5744
8498
819
8978
838
7530
5045
9299
6707
9686
4662
8545
2047
2603
3044
8186
893
3172
4945
2377
7742
5466
6576
6348
1598
9019
9380
939
6790
9216
8974
3403
5942
6528
7562
9053
8762
720
503
2862
5127
7607
9312
4403
1979
423
5519
1074
3523
7009
82
4277
7613
6736
2828
5130
6862
2081
2637
5291
4095
4858
8798
6489
313
5609
7573
8423
5604
7167
7442
2476
8707
2079
8210
2050
1507
55
7214
8749
1315
935
9431
4142
9557
6953
878
3611
4805
3071
3781
2054
8130
2178
7171
3755
2969
5967
7894
3151
4443
8234
1967
6391
5275
5104
6278
104
6158
3474
6320
6662
4485
9511
9602
1900
8499
1093
916
5309
2338
2429
7176
4421
9197
115
2836
7238
6337
70
702
5375
6572
9567
8945
9471
541
4266
4099
3419
4413
7310
2742
1025
9522
7210
1253
9819
6073
1992
9829
9002
994
111
6370
8272
7625
9233
2640
7702
3758
5572
5697
1157
9308
9575
3123
6499
5984
6246
6468
2754
6241
8373
261
606
7094
314
2718
4041
2073
1009
1996
8748
7605
8128
1163
6749
6138
1772
5569
6201
8564
2771
7937
9910
252
9089
1392
9031
907
8472
6915
6109
1698
9121
8441
2266
5920
7182
7444
545
2333
9190
1905
2499
372
5822
4471
5296
9100
5826
53
4082
708
1020
5534
2187
109
3458
7540
1257
5301
9409
9979
7294
123
9456
3139
6768
7374
3972
8156
7810
2887
4212
1652
4435
769
2595
5629
4185
802
8729
3745
5388
635
9767
8813
558
5306
5336
955
770
7439
1958
521
9027
815
2490
8484
9441
9436
2577
3470
6652
5579
2553
3694
3970
2470
4449
8788
6394
4560
5891
744
4747
292
7941
2951
9691
1232
9405
5316
4274
9356
7677
2585
2531
2044
1285
5621
2038
2248
1649
1482
9983
5763
9499
9282
4834
9622
3167
6748
1620
2039
3430
344
6805
8264
8047
5494
3757
78
6523
40
5715
3132
7152
4552
9931
7083
6424
3764
6882
2934
8882
5961
6411
2554
9506
6765
5801
8727
1049
1336
6589
2276
1367
4447
2098
2654
9593
2174
809
4896
5026
7697
5497
973
6900
2401
148
3811
3862
8002
3057
3939
8135
2560
7513
2053
3842
7292
7297
9063
855
5288
7062
8706
9168
2925
8164
46
2909
1856
5450
3623
1196
7521
8091
482
7737
9574
5046
6894
9540
5302
3703
7840
5507
8777
8758
7078
1896
3663
6675
7225
1418
8196
1470
5608
4584
5713
4877
8892
8737
1738
9816
5042
7368
4899
1964
5289
8235
762
1519
591
9544
7195
5634
7403
7196
556
145
1653
1841
2206
154
3574
9330
8432
2810
1644
7555
8477
4326
318
2597
7139
2517
3025
5999
6485
8510
54
806
501
1838
1763
8735
2752
2239
7179
2794
250
4134
641
8155
3538
2602
7364
4725
5991
2847
94
7726
3814
7229
726
908
2773
4425
5041
5936
5172
2705
2052
3349
7122
9992
4068
8754
5685
2235
8355
8884
1333
4677
4630
671
7957
984
3633
7298
852
1229
9046
2896
411
1214
4293
6705
5674
3446
4437
5064
7752
4731
1524
1961
382
7969
4436
7387
8862
466
8291
8989
548
7090
774
3882
745
7722
5916
69
7239
2825
2007
8824
765
4221
5552
6861
1835
4430
9562
2182
9733
2763
8238
4382
7019
461
7731
7248
239
7188
6687
1216
22
4613
4096
6579
8453
5684
7520
2287
7981
3267
5057
1237
5247
210
2899
4340
9426
6845
4745
8140
7977
8403
5932
4344
614
7788
644
7690
5796
2743
5843
3637
9953
7233
6637
938
4388
7866
4126
5019
3197
4688
6159
4722
5174
5854
5643
5841
2954
2777
6789
6909
9929
4050
3334
7736
7558
4553
8766
9118
3047
4528
1842
7151
5612
7475
130
8594
7614
3098
7369
6699
3243
9051
3509
9334
5593
2428
5031
8057
9864
4323
2318
2844
7684
3308
1774
5646
9518
6937
613
9038
538
8846
4383
9836
8361
9245
4582
8860
2697
9897
8062
4614
8295
909
4536
4181
8066
7169
4063
9370
2361
9676
4509
3378
7624
2696
8787
2556
3164
8251
4907
9371
1780
6338
7131
679
6027
1803
3880
5555
8435
9228
5258
1137
2865
4587
6659
8169
690
9786
458
683
5695
9470
9947
2387
5243
2932
7277
778
9823
6316
9775
7020
3034
1713
1937
4947
4056
2427
144
10
3725
4911
7493
2524
6763
6778
6829
441
4577
4434
4991
6077
1549
1802
9559
8411
4148
8531
5202
450
9548
7791
3709
6038
4701
2626
1403
4083
1323
1038
845
9179
7377
8855
3031
3563
8853
6314
2782
7729
738
3261
903
7219
5392
8963
3161
8920
6364
290
7118
4046
6072
5756
2535
6295
3898
2916
9279
2523
2668
9092
625
1789
3680
9843
9811
4690
6484
2834
4044
9609
9500
5676
4743
9536
8007
6584
4694
9281
7772
7744
7837
6237
771
3763
4001
1039
1949
2949
4822
1332
4262
4548
6997
7570
5523
6355
8534
5648
4913
4761
4516
5237
1861
3582
195
7978
3936
9369
7533
1987
5085
6461
7042
958
1518
4314
5415
1187
7949
2458
526
3041
5873
3656
5606
170
8010
380
1166
2408
3425
6071
8339
6135
6420
7963
7423
9641
4917
6361
6008
6015
8274
1882
8372
3394
7626
8481
2770
3188
3863
9260
1409
6108
7096
6134
8335
3299
1329
95
5369
8790
7909
227
7011
2638
1342
7098
3116
2175
1692
4296
8218
3908
462
6455
7984
9966
1532
2324
4503
3587
1030
9207
4236
1808
8149
3904
1657
2481
7804
3147
3876
7651
9731
960
7989
3699
8770
4356
4077
2048
5810
7215
8198
5459
2135
5672
3108
9840
2228
9249
1064
6409
1959
9335
1174
4144
5752
2143
7753
4784
1758
976
224
3173
7974
8068
4410
9296
5035
1190
3344
1380
6476
404
7153
4245
5277
7584
1044
2978
5689
9223
483
9126
1184
4585
2465
1133
2493
5113
2267
2000
4832
1833
790
824
125
161
7763
6423
1988
3803
8532
9204
3544
8392
2609
2859
7035
9620
4910
1544
326
8848
2259
9685
911
8275
5694
3742
7349
8277
6986
5890
3185
4658
3176
2536
98
3094
3231
8212
3319
3573
2945
8099
8851
6779
879
8444
7888
9036
3436
3828
2604
8015
8696
9182
1990
8497
4542
5094
2632
6761
2335
7927
1349
3230
923
4839
8462
8979
6051
4711
362
8622
7478
7951
6200
3184
4716
7071
5426
4842
2760
2581
8864
9635
5439
4113
5625
6708
7066
9128
3318
2210
478
3551
5529
9060
8031
7262
8705
4497
3626
4982
7872
4247
6268
8067
1986
9258
2935
1181
623
4385
8949
5774
8676
829
6510
6679
4335
3612
3304
1388
8902
9476
4833
6783
264
9800
5149
5859
9059
1943
9959
8263
172
6549
5491
6526
8106
654
5117
7551
9790
3690
2873
8732
4754
8225
759
3026
5773
4886
3819
8420
5188
6076
8969
9818
3070
6003
8132
8926
1112
8982
5326
371
9905
3518
5660
8490
3571
9395
4676
5333
3602
7897
190
1680
3286
3917
6960
4081
2339
5198
8722
6358
9004
3943
9487
7997
3407
4831
9815
1917
3974
1600
6943
6957
7649
7923
1976
4897
2305
9219
9458
8785
1761
9591
7486
3888
2414
4313
4601
8145
3054
3739
160
7287
3770
5139
8908
4533
8231
9495
5126
2961
4309
8292
1029
9806
7645
3921
273
3053
3935
4054
3079
9050
3080
5147
5772
9739
5197
9560
223
6792
940
6597
1297
1701
8679
7773
5819
203
9449
808
3215
5556
5098
9721
888
6279
7615
8734
6113
6831
1429
3170
2378
7774
8567
5654
8703
9827
7307
1565
9377
8147
9710
4586
2616
9616
9946
2244
2532
432
1626
3661
4048
2063
5964
9719
9468
4588
1716
1111
3830
7673
2199
2721
3201
6179
1494
7746
5251
5352
2002
2183
4433
5338
3716
3257
785
9213
6592
1191
5963
3812
5273
7720
2168
2653
1068
7695
2572
2163
5235
3046
6541
6483
2020
6137
6615
3370
4258
7831
6095
3015
5951
5613
1734
1523
1725
1425
7305
3411
7574
5489
6644
1685
9463
948
3752
7670
8506
751
5677
8262
5078
5294
5226
8267
3552
48
297
3963
4539
2461
7402
7669
8590
7566
3560
9998
3389
3498
9273
9440
5501
3454
4508
2565
7529
844
6367
365
7632
6896
7960
8944
4138
1517
3641
9066
1142
8880
64
7755
9022
7205
5022
2220
2644
5169
1334
4572
3371
630
1258
3191
1615
3600
5764
3192
1453
6865
8887
2121
3874
7709
5099
1437
3353
4232
8559
4450
3409
463
4226
3585
5438
8955
9521
8056
1360
6884
7407
570
5325
3326
275
6387
7110
1145
8055
1431
4197
5614
8438
8613
6404
3689
360
9610
2137
7450
6979
1022
8759
8174
5084
6439
5029
8180
3392
1795
4558
1073
3913
9937
6480
8416
6259
7031
1608
9679
3178
7274
6836
6494
1474
6061
4874
7658
9824
1897
5228
6874
3
8485
6633
6636
7660
2533
2016
304
5365
8786
446
6868
298
9399
6803
9158
8919
2390
2469
3347
1056
8885
9379
4406
9501
3534
8340
2806
9611
975
5201
5702
2106
7542
3105
6757
8487
5638
9524
6764
6219
6751
7003
4969
4668
1832
8069
4599
1607
4229
9762
7687
9391
5295
9853
6131
2994
1580
4955
6518
4607
8227
8533
9135
9392
4888
5627
1628
1366
1508
9400
6918
8211
5808
4750
2229
919
2263
8612
956
2365
9863
3698
9044
2971
1540
0
4971
3751
9508
2484
9218
7928
5120
8915
7938
5934
910
5254
2591
9422
7517
9927
588
7627
3152
8390
5107
5866
5945
3453
9636
3973
5678
8689
1090
80
4854
1383
9812
5912
3546
7037
6498
2693
9455
3918
638
3431
9542
729
7263
9439
8934
8968
9129
1104
3001
633
9794
162
3990
5655
2947
1027
3136
6893
7933
5271
7485
8997
2983
7681
4593
1220
8314
4506
9453
2739
9558
6466
2905
9668
3073
5008
3605
4802
9943
7861
2558
4220
7741
5526
8606
6787
4032
7327
7896
6389
9569
4121
2132
9477
443
4923
1706
3106
4298
6117
9785
1812
9430
665
9489
262
2431
6456
7499
6655
4311
7488
3270
8726
6426
9734
2385
5524
9186
6668
2322
1165
2618
6750
4487
6157
7443
9397
7281
7822
843
6256
5051
1154
3911
4710
2877
3011
2372
2494
4918
2727
7147
6429
5525
5223
9846
5114
7113
6083
5476
2566
1316
3695
236
7735
7093
9110
4423
2546
6898
2974
1213
3903
8489
218
1708
1845
6294
9845
3259
1604
8286
9232
6230
1344
2223
8910
9795
4696
3120
9365
7356
9467
7437
1794
3539
3059
1076
9343
56
4017
3222
2573
6968
5347
3131
3754
3022
2778
5382
9586
6575
7275
4500
5440
6405
7608
1100
9764
324
4163
9352
3720
4209
9139
9759
7158
8370
6956
2024
7289
7899
5792
5108
1118
7284
7993
5693
6776
2367
9451
8134
5781
8452
6981
990
3199
6178
8683
2878
4595
7341
237
5586
112
1934
663
9554
2204
8305
6721
6453
6814
1906
5187
6846
8857
1414
5746
4672
8232
4200
7024
5381
346
6976
8692
7272
7892
563
3765
2539
3704
9363
7943
3126
5858
5103
5485
8442
4424
4384
509
7537
2194
5292
6554
5653
5829
7973
2789
409
1751
3265
7548
8023
689
3154
8395
1884
7761
7917
4372
9968
841
8548
9018
4757
5775
341
3362
8678
8028
9920
1597
3395
3352
8296
6810
8160
8297
9608
1792
2407
8189
4519
5644
3083
1912
9547
2552
5339
6772
8863
2404
6864
6318
4352
4640
6972
3622
9655
8998
8317
3930
7022
3581
3504
5414
5205
4482
7375
2045
4875
1999
3208
4695
660
3111
7014
6905
7405
9519
1505
8000
1356
9174
8825
3459
3677
2746
1379
6645
7311
6594
434
4515
2100
1593
2571
7280
6780
8398
231
8638
4345
5739
1149
7976
5021
2482
1606
9941
2082
2443
1791
9087
2357
2503
1028
9198
7244
5959
1031
7240
5544
6347
6104
716
1891
568
3946
8526
1547
3929
2069
8434
6994
3493
1846
7144
9621
2612
8700
9669
5123
2871
8313
6004
687
3288
8154
2017
2064
4175
7080
5196
4325
5281
500
2237
1585
6647
7101
2286
7000
2851
1820
517
1347
2615
4866
3325
7661
3350
7867
7344
300
3109
2171
601
5953
7881
3790
9378
9926
8359
7230
9526
9381
5955
5380
6945
1018
9404
1581
8107
5782
5383
1227
8283
6702
9171
8740
2478
2924
4076
4084
2846
7049
3087
1466
7679
2198
5086
5421
2963
4573
3901
68
1578
9911
9529
1475
2908
6141
6153
9664
468
6567
2815
5122
6018
4206
7296
2176
2345
2901
9086
2304
9055
9750
4999
459
697
6682
6224
7816
6952
9448
1646
794
2489
3500
985
4620
4903
8871
9140
9703
5561
2953
6220
3127
5987
3264
3130
5076
6031
8536
9345
9756
1251
4789
5422
7247
5314
4570
2937
6148
8136
3954
6920
6735
1234
6713
4223
3263
1413
1629
6697
7698
761
1477
5418
8049
6009
3779
3957
6193
1173
3364
6006
6082
7622
4031
1576
5692
1389
3832
5743
7770
9295
2298
796
2160
7213
9336
670
9813
8623
4783
2959
8868
6216
1455
7315
2941
4623
9072
5806
1085
1393
1037
9530
9634
6481
7498
6967
8382
6503
6990
1557
6156
3885
33
5886
9415
7528
1743
9104
3906
3004
2636
3058
6155
8020
8341
8517
6243
6544
7891
7514
7759
6271
7747
1167
1704
3183
6578
2973
2841
6181
9068
7885
5370
9768
4374
4012
4775
5728
9732
6880
7862
3065
9041
1024
9919
7183
9319
1013
5830
3355
9672
2218
9971
1904
3232
9283
7234
5182
9073
6625
7604
1591
5527
9605
1230
1753
3624
3667
332
676
9792
120
1298
9274
5716
1023
2769
627
3008
9782
4693
3586
8529
7711
9960
6160
4462
8257
376
2158
9469
1438
9188
7184
7041
6363
5853
9645
1655
5515
930
4399
9923
1313
1556
9871
2692
2417
3604
7554
6571
2225
9825
1940
8667
8571
9571
7921
6696
3647
257
2996
58
6300
4288
3679
424
4741
8299
1697
667
387
5554
3682
7335
7060
2662
6165
4525
1493
4684
6835
3245
5535
3951
6175
4273
1622
6064
137
8756
8187
2750
4139
7382
4073
4507
7749
2803
8249
6827
8455
7666
5065
2255
1699
1741
6965
3160
5017
4141
8255
103
6709
7832
4602
6427
1888
4758
3274
2257
7295
3648
3871
2500
6264
3825
2068
3688
4331
5651
3482
6955
2762
3418
2496
3179
1536
4770
6354
4939
1513
5770
3209
1571
1613
6559
4887
134
9131
7483
7606
7708
6448
1047
7252
6653
7436
6251
9528
7952
7734
4394
2860
4592
4115
4183
4864
7819
1327
7586
9711
2601
3792
7507
5611
5329
8017
3627
9256
2926
8468
651
6785
9615
846
6340
141
1300
1939
2026
8653
6412
9454
9332
126
1723
1815
6458
7267
7318
2014
1412
9096
5416
7590
8664
4557
4712
863
2382
3294
6583
355
1663
1443
7421
3302
5931
7034
38
949
7028
1272
9180
6039
9472
3916
6184
793
8616
6539
6815
9933
4243
2984
6334
2278
7386
4201
3207
6164
8038
9437
4020
8842
4993
2795
5137
8343
1682
6738
5636
1489
5508
8589
5633
99
9039
2801
780
9211
3249
3390
2955
7802
1782
1727
628
1235
5531
5937
9342
6277
9835
4841
7410
6238
6143
189
7413
7860
7489
5353
586
2701
5245
4286
1373
3640
8301
5550
1970
6215
2624
1546
1472
6946
4554
2083
25
9717
5233
9427
5730
8369
842
8148
1726
3687
8129
2605
6706
5317
8366
9796
4541
7550
1398
564
5706
6392
7224
566
7325
7922
1752
4354
5150
2060
3855
4737
5252
5007
3789
7639
2310
6627
3533
8800
2420
7050
4489
9268
6000
3220
9582
4633
7667
857
6114
1304
8807
6509
1960
6162
1449
9714
5842
8124
3289
2133
4707
982
4791
9838
1831
2011
561
5152
3360
4818
1946
2690
5346
4367
9005
5270
5719
8270
308
3468
7174
3341
5664
1212
2613
2395
4561
9490
1633
9266
2134
1091
9901
677
1707
3293
6844
6519
4790
9065
8593
9329
6005
2786
7715
2446
7845
616
6444
962
4018
7346
179
7578
2358
4901
8491
5158
6585
6857
1879
4475
3583
1651
9708
1510
6432
1121
777
6266
8114
5789
5456
4529
580
5594
2798
6066
8464
6065
7577
369
3711
3315
8856
9103
7025
5138
6399
5183
3861
6913
6838
8980
3920
1880
8157
6593
3780
9623
8350
24
7401
4153
6249
6966
6462
8058
1616
306
3229
5445
8456
6336
4906
7023
6121
9705
2619
7500
1887
9935
260
8214
3893
1016
8505
4583
2550
4269
9340
2677
6250
7961
6380
6465
6110
3028
6895
848
8635
302
1416
2695
7398
6996
9671
9912
1446
928
7884
8725
9206
8960
8014
7801
407
5867
1942
7678
8816
240
926
8852
6854
8389
8181
9361
9577
5467
1117
8271
3795
4173
6680
1863
9082
5721
1483
6396
5345
1866
2165
9613
1614
3676
12
8018
6871
7893
3890
8569
1700
3367
7494
810
336
8952
7345
8269
1895
5394
1733
1574
6746
1362
1555
4078
851
8578
4990
1228
8401
6840
6820
7103
6287
9278
4448
9202
995
1973
3818
506
7544
1599
5817
334
6881
5925
5362
4466
3924
681
6843
6244
45
9914
3306
4047
1787
3975
1971
2077
6218
4717
6330
5765
2985
8408
4036
1340
7218
6959
4540
5573
5465
9789
840
9320
8473
4292
4112
2783
5406
3177
139
4013
8273
5095
6222
5910
3564
1641
2253
1390
2628
1318
6029
3283
9109
9725
9450
5898
4962
4686
1444
1396
8830
7790
8584
901
8144
8755
9344
589
6317
4257
1486
6329
8202
9958
5330
7646
8769
9614
5299
4030
3953
3168
5993
9644
5321
9650
7900
6817
1255
9646
4815
8845
107
5069
1948
7304
9287
1927
3759
5351
8511
6145
8720
8165
3928
3999
5276
4320
4632
5617
9238
2993
6446
3853
9797
5358
5409
3424
1955
6280
4591
6471
322
993
328
5833
2545
180
4964
8105
3102
5574
2734
4829
1301
9888
6169
6903
1914
3799
7454
4954
2538
2062
7424
7482
5303
7082
4133
6397
6198
8743
4474
7784
8659
8178
3311
4721
6042
880
2952
415
3278
8893
3193
133
6718
2598
573
3382
7721
6970
5816
8080
5971
9318
142
8854
167
4680
401
4550
3630
1630
4794
886
1192
9443
6342
8414
3400
9419
2688
5136
7044
7033
518
4627
5159
181
8312
8601
6624
4192
9346
6326
9372
5650
8636
6205
3691
5906
4127
8906
5960
2348
1740
2290
2700
963
3524
9503
3237
419
2809
6379
4811
7738
4691
1183
5938
7142
6170
5442
91
9261
5537
6037
5592
5222
6406
5471
5751
117
2753
7886
7107
2491
8771
3266
8837
8671
2424
5397
5141
603
1312
5618
9661
8051
1554
3330
301
3017
3735
9474
8966
4804
1985
6299
1677
4702
9007
7005
9466
5587
8207
6325
5543
2289
4272
9893
1125
57
3588
2222
1170
3840
2410
7285
8603
2288
8240
4946
9406
1197
169
8040
4295
3200
6982
7764
3541
1919
9652
7519
7693
5208
4935
6938
3092
7070
2943
1078
5262
3449
4759
8537
5034
551
4231
8711
5112
3749
9774
4983
6529
3451
307
2708
6848
8829
1844
3719
1724
2915
9662
7526
7756
3066
4873
265
6479
7929
8470
5446
3835
9643
2022
9924
3697
9015
8841
8476
5059
1295
5976
9095
2674
5280
1040
3986
1944
305
8684
1399
858
5340
7536
9873
8666
8744
4107
2839
8881
8052
1359
4959
2995
9091
361
8793
8975
4100
2655
2384
8120
400
9438
6475
1534
2089
2816
4812
5142
1378
9482
3218
6225
7598
4306
6362
5874
9945
1051
1371
7013
531
7754
9132
359
2907
3262
5005
8801
657
5175
8789
4263
7299
3797
7954
8643
2930
8833
7757
1086
9980
3869
9532
1824
9651
6992
2061
4848
3847
2252
6091
16
2462
1341
1715
7476
6657
9887
4152
5490
8482
1642
4559
3848
2214
2845
7479
3845