12016
14005
12655
12923
5888
7034
12180
3429
3302
13687
11249
13336
5360
5015
7487
3662
4499
7670
3374
2719
11777
10355
10466
7916
8011
4259
8245
12781
13105
578
11134
5235
13207
2377
12767
12731
6604
11407
737
3843
6582
10208
14337
445
12196
7657
13348
1345
1122
8744
5004
8921
14473
8575
5873
7690
14022
989
3536
4917
1848
9547
8049
9632
6610
5701
3147
4439
7126
7909
7667
4009
10560
255
14895
240
2476
6833
11665
4014
4508
7415
523
12980
5750
5862
11768
824
7571
9338
3592
1102
2320
4036
5505
11923
13241
1273
5306
2299
1377
773
2088
12816
8325
14247
9302
14580
14336
11138
4361
2801
14069
4469
10667
14137
7432
10588
11818
1389
965
7289
6466
14988
10523
3424
3600
10456
9670
14294
5871
13141
14041
14900
3060
3430
2057
4687
2247
12686
5566
7968
754
8139
4356
3917
8328
8942
3167
11234
3040
5616
2840
6407
2813
7281
6763
997
4027
2191
13414
9568
3594
7459
9510
7881
14946
7802
14008
731
3028
14975
12029
6908
6593
12819
7216
1444
2833
6855
836
14550
14323
4844
3701
8928
3174
4145
12107
14642
5377
2139
11659
3685
10373
8605
2483
13743
5607
1289
11356
1997
807
1032
11271
12198
8874
435
10314
14986
13310
11561
10751
10952
4123
2721
4346
3395
5246
10186
14455
2916
13733
8238
12959
13272
2315
14468
238
2604
4176
6408
163
7861
2033
1074
2094
127
14265
12795
10222
1524
9979
7568
5835
2944
6575
5780
14539
7752
10825
1866
8801
4028
14067
1730
12050
14801
4280
9740
13253
3033
6460
285
1551
4287
3438
11334
4816
223
12610
10189
6813
11030
401
103
1861
556
7030
12252
4494
2586
13578
623
1945
8674
9191
8764
1180
861
10211
11924
4479
1737
2120
9193
14175
3537
10395
12054
9725
871
13284
12038
2851
13260
3031
86
1526
7814
8760
8678
14881
13969
2017
6923
4073
10156
4559
13635
10387
8587
8122
7137
8017
978
3213
6733
12911
13927
2265
12994
690
4750
10614
38
6320
5970
5443
9812
11381
13290
14606
3517
744
2188
10392
14194
2542
7972
6865
3514
9525
4095
13840
9220
6383
13045
5317
5197
4074
4579
4483
2360
11124
1536
12569
2056
273
10109
13068
2459
3785
11373
9551
14858
6798
8262
9049
230
10534
11446
7599
6757
7899
12404
12472
6630
9083
5213
11236
8086
1707
3803
14674
5187
6107
14465
11364
10843
7159
7154
12324
10403
2958
1157
8885
7785
5364
10382
6203
7520
428
10525
3024
7998
3586
5637
9365
14476
10093
2609
11321
3065
8817
5479
14121
7031
7857
905
4076
3857
9179
791
1864
2643
967
8012
653
3219
7219
8425
4947
11711
8285
3136
5018
1547
8025
13899
2062
13713
14577
8789
3818
8868
13312
14497
3540
12102
3110
4960
3444
990
1115
340
5918
8711
12761
14623
6275
14912
3341
830
8929
13648
11621
4016
8275
14491
13402
5482
14798
5019
9687
14609
7091
8629
3178
1886
8079
2595
4049
1528
9141
9105
776
13343
12746
14291
3312
8468
10565
3266
8430
2456
2433
12906
84
1912
4166
14970
5186
458
5929
8830
14507
7624
466
13808
7551
141
5825
11765
7277
3667
3862
4470
4567
12323
5022
1648
5115
1928
4825
5323
4291
11443
11848
14443
2733
6740
14870
6210
4697
14070
6010
14518
299
8003
4314
12110
10255
14728
3864
1414
7258
10982
12053
14286
6546
5346
5609
1217
11857
1527
3431
8608
4242
3508
6940
14632
6732
991
1167
6728
7706
6201
304
7749
8790
12488
8568
5467
14251
7718
8972
8174
3521
12397
11480
2915
1977
9366
13053
3077
3007
14346
12863
9171
14810
1616
14706
342
6676
9363
8157
14238
5698
11096
14910
8911
3612
134
11231
11995
252
8137
190
1862
10221
10357
7129
11638
8570
8201
11581
2046
2909
8965
2405
8894
8606
10306
11949
1775
4705
13262
13962
6200
5838
14666
640
3435
5631
4430
12533
3736
12641
4058
3919
1686
6170
6177
828
14671
7767
10139
11860
1577
14823
3318
11148
8322
11155
11146
9400
4682
3585
5322
3488
12715
13878
11199
7092
5071
972
6090
2974
2600
10659
10566
12129
8051
3335
6123
2352
79
2663
4487
8346
5791
6027
11057
727
11060
9106
9136
643
13195
10683
9456
2504
1490
1452
5813
3234
9899
8148
3282
1188
3449
7665
13435
12055
10174
829
896
8706
9936
1677
9430
7896
1789
10826
11817
12823
5963
9888
3175
4974
11258
12264
9540
14142
9943
9906
6936
952
8113
6364
2223
8549
13892
7191
8673
10764
14729
14452
10756
5160
13640
4659
101
14219
5301
5107
11885
13396
7433
10067
13901
14668
7337
11192
12105
2403
7353
4694
1855
13980
5109
11944
9457
10589
11576
10739
2028
8988
12028
5591
7147
14485
13543
7812
11836
4337
12276
11718
14738
958
14092
14377
4146
5376
2432
14297
8151
14060
3343
730
7712
7632
1468
10420
6472
4946
11731
14924
4064
559
5006
6109
11372
2903
12486
13970
2920
2219
13542
11164
14784
5847
12944
5437
14533
1494
8117
6984
5427
5262
6930
2220
12502
558
6122
3473
14101
5347
843
12265
13602
6808
8134
73
8147
12249
7037
3273
8445
13738
2819
7138
7847
6105
10327
6305
3694
7843
10867
4638
8237
11721
944
2980
11026
5829
2173
1887
11962
2300
12829
13876
4878
13074
8043
4084
11959
5521
634
14015
6729
12784
637
2739
14511
1735
11414
3478
4147
10416
12160
2798
9811
10716
8660
9626
11140
11078
13344
5787
13566
11385
8559
11895
5285
11595
14114
9073
1675
13006
7958
11357
11992
4284
3416
204
2905
13447
2084
7161
2344
11632
11602
3794
4075
604
379
3988
13087
14905
3347
572
6618
6839
10444
9435
7784
7160
3493
2465
5578
12651
2926
4279
1790
2738
4274
13094
6918
11132
1068
2387
8090
13748
8684
8215
3124
14704
14501
13276
13140
2055
11157
11136
12103
11645
13490
3337
14930
4609
8169
11553
5560
973
1589
10861
5371
5663
4099
7970
12159
13306
8494
8592
2771
3581
2205
10176
12910
4748
9512
13304
4205
7346
7460
563
145
5941
11769
3815
884
5464
10315
12688
1693
6481
6278
4982
23
3614
11142
14406
4935
878
8543
3952
13075
7813
13832
3177
13958
11762
2172
7838
9532
5781
3675
9408
2535
8750
3122
9206
12338
8776
4194
13110
7976
8450
31
13792
864
6712
7577
11798
2704
4661
4824
10547
8184
4265
11261
14322
12985
14176
11759
6425
6957
5151
12687
14066
12331
13158
7911
13041
1222
11974
5734
13645
5039
9784
10182
4657
7842
14493
6097
12144
13256
568
6643
734
14961
7350
13698
12093
13337
12065
4515
3573
7607
11510
9090
13604
7687
10383
9821
4949
2275
2357
8404
12976
9129
8920
14968
2225
7489
12859
1408
9577
5419
3166
8045
873
170
7962
6626
424
10528
11061
7023
14436
3752
5294
7669
11462
14537
13949
12037
6742
11353
6126
3643
14923
1546
1569
8638
6591
9142
635
1959
324
10232
13510
8844
7179
11532
3249
4675
7926
13043
5539
2868
3362
8511
487
14016
4865
14979
4154
1682
8979
11503
14973
948
1483
2128
6945
12539
11184
13223
8276
3678
3683
4264
2679
6055
11282
9276
2295
11606
9068
11783
10997
12528
9589
7617
10894
1423
4021
9064
14062
11904
6015
12466
3563
12173
13404
10044
5169
11200
1549
11792
12487
9799
12837
13914
8529
2154
5108
2340
5668
512
5220
8108
10388
6694
12511
1339
13726
6794
6576
3058
12893
7803
14315
7278
9201
6986
6599
7895
13803
5120
793
5126
13940
1578
11667
583
6799
10992
820
1061
14662
13587
8957
1563
12638
6725
8219
8267
10202
6861
530
11322
2024
11594
10697
4270
9992
13353
1007
13004
2923
5426
9066
1914
13982
2956
11666
9978
8298
3992
7675
6245
5705
11444
14334
10522
14615
3920
1077
794
13
11583
10652
10052
14099
13570
14500
4214
6388
1364
12776
12558
10441
10170
3290
6907
7197
4668
13627
4088
12032
4276
4309
3385
6413
2322
10602
1531
4890
3047
2177
14028
6639
12888
5374
7390
9107
7855
13445
8353
3966
11531
13565
11297
2015
552
5161
9033
5636
3369
4250
7986
4456
4355
69
9855
535
1573
10236
711
1340
13261
3380
2963
9098
13086
12820
8554
9663
10199
766
870
13198
1792
3388
1251
12854
4066
1989
4417
14039
9685
13084
12862
4244
5392
14454
10969
3184
2426
6150
2917
8937
6771
9399
13758
2977
8408
5744
759
6073
14850
8878
2211
6933
7668
14630
7864
14684
12439
14308
8600
9243
8041
7880
14209
8064
4156
2027
4443
2168
12773
5962
2013
10511
6392
2708
13050
6357
8754
8747
3959
1439
12783
78
7388
10254
9121
7000
14245
9370
8223
14762
3661
13246
7273
14882
181
4733
14014
5834
13637
4173
398
6867
4196
407
3775
4690
8761
8057
4751
9991
999
1904
3605
10258
11681
1258
10418
5302
2859
4481
2317
13799
14902
10249
11005
7414
259
5625
9310
358
2239
7188
6886
7325
2936
8339
10512
6752
13521
1092
10165
6901
1250
2893
6119
857
4686
2640
3397
3516
13240
11126
9160
10051
13974
8542
6036
9175
284
11389
3755
1057
8604
1604
11034
7052
14359
5802
1227
1174
7139
12114
9321
3170
4406
3639
5027
4331
6087
14463
12899
3706
5005
13682
13729
1117
1023
6816
10926
2818
3417
7438
10195
5892
11424
3378
2150
6324
14650
3656
11223
4453
6917
14217
9875
13299
13742
1020
12595
4931
6217
6362
12501
6889
9591
9209
9878
13227
13012
10811
12454
1448
7985
10336
9989
14252
10986
5552
14560
5946
7604
12625
865
4025
2518
10414
4648
3911
6167
9285
2948
4480
4985
7866
8470
8316
10475
6244
13845
8716
10767
8110
4313
13251
12561
11875
2382
11514
1300
1303
11221
426
7229
1127
13963
10874
10772
591
7121
5277
12001
666
1344
11554
8232
2775
11439
12745
10604
3120
5483
6701
2553
8459
2345
673
14770
14044
6361
4530
9426
8436
10231
9667
850
6581
4044
14422
14736
6112
7825
918
4131
10530
2971
11545
9817
14627
2412
3519
3830
8114
11862
8722
6417
2053
5342
10957
2312
13178
2900
12259
2458
10939
2566
13263
2270
14945
9218
10873
3927
13213
12497
11045
11519
8100
7017
644
12475
3782
8107
755
2741
11442
2841
5995
3774
10091
3252
7740
11870
7831
10439
6521
4418
5582
244
9662
381
12045
939
13398
7652
14496
1085
3823
6092
10584
1450
7255
3259
6993
12714
12194
13463
1600
8310
12627
4532
13384
2043
10611
12894
9719
845
14811
5244
3366
6260
11821
4578
8690
8068
4489
12283
7117
9846
2871
6029
7930
12921
11461
3663
4037
12600
2615
4575
4397
2304
5565
10556
827
695
8800
12379
10590
1286
8179
2760
5853
13215
173
6723
7291
7274
3131
11521
14624
10726
13750
8898
615
5622
4057
4688
12804
11966
1916
1161
4007
1416
9253
7050
14715
5173
3163
6094
1936
10524
8534
4170
2045
12310
2632
5529
8617
9770
12723
12033
13643
14188
13867
2039
9423
8749
13918
5755
5266
9763
11303
11380
7442
9974
2978
9706
6614
3012
789
12839
7875
11910
8182
9896
1312
1721
7809
9859
8221
12847
12936
12489
9607
8163
10509
8088
12877
913
3159
5217
6747
7822
11335
13642
6069
8391
10118
14
4246
5281
1270
14011
1348
7863
9961
44
14207
8395
39
4812
7007
13843
2998
14448
10664
7945
4961
12322
2499
719
9843
6001
11307
11609
13986
281
6981
13405
13486
8
8923
11141
5998
14865
10691
12711
12679
3547
1750
13541
1784
11108
4234
9284
12216
10700
12085
11417
7634
9413
14599
12125
11359
13680
9574
9976
10011
11662
2140
11004
11725
6206
4342
14993
13826
2036
4041
7912
9609
2335
13233
2546
5292
3452
7296
10438
14694
3404
10225
6828
6801
4770
6717
13882
13702
3135
5562
8040
12885
213
2521
11326
290
2692
10742
9427
13278
9801
3505
64
5613
7062
9791
5798
9590
1445
6497
9039
11336
2185
13469
7247
7447
11858
10685
6664
1297
11932
11492
12586
138
11198
12471
11850
12852
4551
5922
7643
10247
14516
12585
6253
3741
14541
11498
5066
6784
11770
9788
7927
3082
4424
5319
13551
1048
5170
8030
7574
1746
13780
10989
9461
12753
9941
13230
6007
10352
3898
4343
4098
6989
1106
4876
13465
11555
2022
5439
12732
9491
9185
8327
4522
3160
4378
12736
3014
3672
13170
14756
14593
3990
10847
14363
12228
1310
11153
13127
11376
2474
2121
6690
338
9153
12363
13825
8774
7469
13649
8796
7317
570
3697
5756
12451
12690
6845
12963
8976
13408
8280
11311
2986
14435
5164
14242
9468
6848
7790
9583
7345
12565
11149
3492
1511
3604
7673
6039
10713
6223
12870
13561
11015
11027
3260
8768
5029
6229
9858
8850
12162
10078
5388
7781
945
14871
10289
9556
6671
10544
5913
10003
9479
413
6230
3139
2885
11369
6330
13827
14004
14318
2660
7329
1471
6710
11746
4306
14190
1991
6929
7870
1598
8866
10485
11156
4633
10557
5358
8579
345
8688
1484
13020
3802
10299
4302
7343
3358
2221
4945
663
10461
4911
6086
6030
10228
7704
2853
12955
2635
3994
8666
3881
5773
3046
4716
9803
1021
5717
1638
10950
6695
971
3727
11623
10552
6496
13786
14732
386
9405
5359
14288
6130
9524
1505
9168
6412
6730
8995
12545
2921
14617
10612
9913
3406
6419
4952
14342
3750
4206
12967
14711
1706
14529
8490
8229
14697
10138
14396
6550
2425
3413
9586
6881
4918
9079
8523
3500
6920
13528
4608
13013
12291
12648
6578
4013
8802
743
11575
14950
10309
5208
9569
13196
9998
5980
790
11233
3761
14908
1705
14170
4468
179
4414
2598
2330
12744
14090
5677
7963
612
14341
8071
2605
5567
14017
7517
12841
5925
11219
8869
186
5089
12560
6565
269
6987
7973
1572
14778
12938
10806
11007
13494
11328
5492
840
9872
7730
1067
10600
1202
8270
8180
7186
10816
10868
12035
13859
10411
4096
6046
3955
4514
11247
9967
8533
10014
2747
13694
11280
4996
9636
897
9449
1415
13328
9021
14854
569
1373
14767
1266
3206
11550
7659
295
2537
1548
6456
8545
1973
12943
741
5845
5906
8362
4324
9654
482
9655
12247
5470
6326
951
2108
2271
1213
271
1432
6120
9755
7739
1529
1592
4790
12757
5166
12476
4833
5763
12043
2524
5061
9067
5937
3524
9335
14314
4574
387
2133
2763
942
137
7539
4692
947
4617
12106
11879
8066
13187
8918
1816
7592
7110
9234
2063
8860
5318
6654
4613
2437
11263
4759
1782
6174
4395
3732
933
8164
11163
14532
7762
4569
12389
13967
9041
14802
10144
12901
1346
4105
10880
8216
9616
1580
4351
13007
13842
9452
4680
3798
3552
9844
3323
14234
2389
5203
1885
11217
14003
9389
4944
2941
5421
7491
6164
6081
7656
3017
7479
594
14766
5842
8034
14499
12481
7358
1869
8028
9952
12358
13779
2761
3555
12240
3224
14278
4067
12740
11742
10150
1231
8823
5012
10325
2151
6385
9393
6793
7770
10786
9226
6815
11382
14971
10663
449
3327
14888
11737
14817
9322
12424
2528
12543
11988
14010
11548
10904
2748
4973
11820
9364
1480
1265
7377
1031
10692
13167
6899
4202
1506
10722
1856
6501
2436
10233
11174
12527
661
1037
5520
3207
700
12177
8683
172
14839
627
11918
10531
12851
1900
7393
13470
1301
11074
6709
12842
4452
13673
2267
3518
4151
5652
1193
4858
4402
3153
4311
11761
5310
1327
8042
14512
12421
12800
11434
2550
6673
5295
2112
8439
5828
1929
3913
3509
155
12059
3652
9187
4129
3400
8931
9088
10585
12739
6708
976
9804
8492
13383
8399
4232
1832
8977
8780
6668
7209
12652
12666
10830
13716
11976
12395
28
4619
263
1502
12673
12020
13308
3466
9323
11227
4837
13904
7180
2110
1522
7083
14461
7674
4822
8824
10435
12477
8016
9523
7636
12798
9290
14168
9145
662
7027
513
1968
108
5808
7107
7424
4130
4267
9724
9984
8265
8033
2089
10069
4090
5157
10343
11431
14045
2359
6486
9805
10881
9595
12296
3767
8643
3716
11637
6792
12891
7725
7307
959
7680
7103
10983
12294
7311
10609
8926
2591
3527
10126
12307
1486
9139
9521
3853
3303
6841
9420
13430
5581
8204
1840
13632
797
10230
2918
4286
1780
14921
4031
6308
11017
1095
14735
14647
1431
1752
5563
11161
8446
3230
6375
13359
2688
14224
5646
12975
11013
6854
9573
4230
12895
5304
5654
14844
1234
427
9721
11815
3209
10810
8261
11574
12015
1993
1821
13554
6962
7605
2393
7202
14303
11176
5433
7995
14089
11569
2197
5942
520
10937
11615
275
14061
251
13066
10063
13002
2857
7946
8709
2899
1710
14621
5880
4536
10000
6678
5990
5611
9549
12073
12329
8104
451
7308
7608
13150
7933
8419
6535
6219
6301
11425
14366
5878
2581
1175
1400
9445
3921
9349
9315
13046
2083
12607
12021
2754
9550
9620
14212
3255
11692
3384
12611
4135
2530
13593
11947
1963
5541
4116
12706
3200
2914
14440
11826
7073
8136
9796
8135
3182
4590
4136
3211
10124
2555
9267
2873
5555
6900
5268
6044
10008
6478
13757
13049
2657
14578
12589
7379
58
1975
10875
2797
9800
3805
5526
3801
343
9927
633
1189
8710
12634
12695
13417
3625
6680
11331
6491
7055
12703
1218
7418
4989
8212
12601
5178
11893
9092
14246
11886
8846
698
3849
10766
2825
12916
7248
11751
2488
3258
5939
6769
2684
5861
14227
532
11868
1626
7900
10103
13559
5121
3845
4261
6602
2218
12304
13590
13200
5199
11538
6684
9828
5329
3915
7236
1255
3231
1144
7846
14438
12405
7532
11788
6443
3403
11684
7193
12473
628
1988
1311
3501
12299
4600
10943
6261
7287
9250
4851
7888
6967
11613
3871
274
4942
10954
8467
2987
148
4924
13596
4220
9881
6457
7290
13515
10960
8913
6862
4838
14942
12803
14641
8572
14338
4496
4684
14036
707
4495
4478
9296
7426
10927
9248
1481
6660
14963
11502
8899
7112
3497
5461
9311
13338
4503
6727
3713
7171
14517
3544
12778
1814
14068
8019
8981
4956
7587
8901
8456
10994
10058
9155
9134
937
4998
12966
14891
5077
8914
5839
6498
6483
4665
12207
4673
1956
56
10959
3719
1181
5726
9240
11266
12498
13504
13856
13287
6156
10777
1617
5202
14032
12407
9086
7990
14545
509
12328
1412
11378
7079
1054
465
9658
6872
3906
10172
4352
5106
11719
7582
12982
7716
1850
13235
13939
8152
2858
1999
13765
12410
11789
12429
6394
8787
1971
10536
13078
1404
1854
14776
10769
7297
3619
1283
13161
12965
286
13244
2951
4959
1795
5372
12770
8282
14570
2157
13540
5380
5619
2752
9017
10541
9579
13119
4512
1374
502
1221
8552
14009
10213
2955
8714
10513
6876
8479
1570
6286
11102
713
14925
1743
9032
3931
9997
8250
7588
4086
10198
9774
2599
2353
10636
2656
10645
7832
12008
8879
5047
2878
7204
8359
8420
602
1761
8026
12412
14024
5200
13875
2803
10775
13746
9982
10179
11051
8771
1738
5450
10009
8953
12828
7644
7621
10132
542
9214
3026
12701
12205
11766
2664
6411
1690
2132
13678
10007
2783
11749
4813
10484
2552
14803
5764
7198
10538
12206
12128
1587
7076
763
14607
9075
10134
6658
9764
12618
4977
2540
4012
10080
6263
5140
6818
13797
13330
7906
1833
6925
14733
4810
9778
1191
8424
12613
5683
364
10789
12791
10765
815
4180
7627
12456
9177
10276
12179
13103
11011
8804
6519
14395
7032
11309
2301
9980
12003
13579
2882
1831
11333
9641
14972
3929
7705
760
3523
4868
12514
3345
8585
6826
334
10200
3445
7183
8378
14774
6724
13633
12164
13647
83
29
2558
9292
13332
2135
9212
2441
3048
5921
5903
7402
8847
260
13058
547
9542
6629
987
1842
3878
4446
14700
11295
13443
5658
10070
1585
4603
10339
6378
2092
1889
5976
7570
2820
9675
1447
8118
13327
4089
4363
7633
2573
9918
10866
4222
8428
14198
1475
8905
6352
13014
8465
14330
2503
1418
1313
10770
11920
12061
5111
10114
4936
5761
8218
13600
14645
14274
11288
6163
13893
7792
8272
10637
6311
14305
6237
8083
8092
10887
12689
975
8872
377
12217
11780
7615
3905
1088
14876
846
3373
2703
2722
2372
9184
13234
8116
11774
9968
4227
3118
10304
10079
9741
13572
6726
10908
13101
8910
5493
2005
1285
1243
1478
7947
12507
14654
8550
3539
1317
6042
13533
11286
3003
12814
8739
6012
11928
7471
6953
14117
14211
6910
2867
10630
13224
12269
54
14898
9700
9621
4102
10587
9460
9771
8653
7867
11757
3796
5110
453
9995
7677
11384
5759
2462
625
7250
7
14681
1539
14289
4526
14775
11724
280
4394
9648
9865
14821
10833
11563
5020
2689
9789
6548
7378
8751
404
6221
4803
11680
4761
2883
10624
4588
37
592
13731
12123
9070
11095
6873
1981
2842
14982
3570
14102
11956
5260
8224
159
13484
4663
12555
14249
9866
6154
17
3489
10410
12398
11294
12026
12039
14719
6509
10673
2742
7119
2292
3061
614
14820
5879
6475
14826
5451
8569
14556
4710
6477
14178
11963
3191
4038
11240
1808
13793
632
7412
175
12609
1659
11388
14873
2577
11883
9165
14901
13920
7799
10013
8002
13252
3901
8165
2383
12084
14376
705
13369
12587
6331
1665
3474
12969
7066
14974
13355
7544
505
1359
9696
9012
2562
7726
1825
4642
3141
9151
751
4604
938
527
6057
1421
1820
289
11903
4757
4109
9434
6800
5708
6265
7266
2226
5275
10400
7765
14589
1663
8205
12361
7696
2634
9382
2196
6449
1216
9319
8481
5305
2838
4730
1229
1932
14659
7232
1326
8556
9630
2784
12457
2014
8717
4762
618
13595
1893
6557
7022
4415
8233
3279
7729
11475
1620
2363
6549
10898
13747
14400
3987
11257
9421
6098
10599
2993
12760
5495
1564
12427
7313
14688
7996
1325
7505
5534
1894
14566
4535
1349
3379
9753
14414
12087
4820
8689
1358
9769
253
2093
6485
14464
14257
14063
943
8497
10025
14191
1716
516
4853
5241
3859
6821
10884
3148
8396
7922
5575
5179
5837
10104
605
10725
8132
8453
9576
4078
8698
3591
7775
622
5334
6859
1473
13740
10302
1530
712
8968
11090
805
14256
8274
2096
6059
10990
4618
7493
14996
1491
12268
8685
3263
5206
13796
1507
315
4644
13181
14984
8646
12181
8035
6998
6534
196
11624
5099
13472
13400
10342
7628
6892
4419
9007
8566
8005
2610
4474
10970
9497
2333
3390
7736
1952
10518
4381
11847
9043
3407
6814
4965
5722
11016
6577
5782
5742
12575
8341
2306
9505
11843
6853
12699
7747
14429
10804
7975
8198
3180
2538
9504
11232
9571
9535
2557
11361
14218
5806
14644
3055
13557
14394
8243
1876
12532
6215
14353
12564
6125
4019
5865
12541
6753
40
12752
10038
1287
14832
4212
6102
6607
2606
1966
5050
13688
6390
6750
9380
5712
13356
8876
3670
8209
6996
13038
1006
6774
6045
1875
5851
48
11216
10998
11819
14335
9163
14267
1704
3595
2732
1314
6168
9140
11193
13983
359
12071
9537
6613
4672
8909
12417
8576
12874
400
3808
3983
12771
11056
385
348
748
11041
1009
11355
9926
4689
168
14596
5036
4083
7140
11881
7268
8993
5512
11035
11983
4292
193
11131
10519
3513
11222
4628
5223
10193
6902
1194
2512
13556
1047
14981
4464
2279
9633
11616
14205
1809
3494
5737
11395
12250
10493
12463
6114
5725
14929
1554
9167
9453
12420
13060
908
2291
8160
14571
6805
5297
4471
10619
1472
4940
12553
13507
1295
10829
1628
9739
14927
1070
8126
12628
2259
7772
9660
10348
7993
6585
11839
3640
11585
2685
9965
7069
10621
14760
2231
2910
14299
12939
7436
11196
5168
9798
12855
1422
5656
11024
9832
3589
14174
4436
2311
14686
1084
5850
10074
2888
2148
7497
10733
14127
12292
10449
9863
13853
2967
7115
13864
4297
3888
13189
10824
5709
13606
9182
5369
5820
9639
7795
14754
8856
13093
4828
2276
10098
11229
8975
3454
5917
8319
3658
1184
14324
10473
1954
7845
4889
13790
2266
3677
4920
4032
10284
7089
9880
11254
3342
4
7560
12391
13734
13323
12930
10905
5981
6127
13815
6994
5350
13954
8893
5585
1096
12660
6406
9710
12174
8377
10381
862
10505
11377
9190
519
930
4476
9147
10405
13547
12590
2810
7901
5580
6432
2564
8840
12991
14259
14134
3923
10677
2750
7823
3103
697
1237
6951
10358
7001
1757
2895
13819
6246
3172
6171
9942
6088
1624
10194
12344
7082
589
5327
1336
6935
6359
1631
11054
7351
3133
3836
6598
5957
1030
33
12086
714
4572
14737
5859
11347
1822
14122
3863
4854
7526
3868
12799
4005
2711
8493
4583
11723
8822
9110
7149
13439
5177
2523
6956
788
10185
2104
6736
1116
9084
3773
5435
7142
1169
3934
373
12801
8669
5245
12647
2515
12534
6914
6312
1230
12031
11714
2234
4915
12371
7024
7490
8974
3421
11738
7682
5569
9608
12364
1607
10841
9428
10489
13376
892
2554
7288
9291
7170
1951
7701
12642
6504
8922
5497
14746
13756
3414
8305
1331
10520
11534
12343
11458
10684
2874
1387
216
6049
365
14478
403
7642
3502
9599
472
3869
5768
13386
4979
11660
9944
14904
4107
14208
13791
1010
418
1944
10702
14964
2714
1691
14906
9575
14203
7482
2008
4852
7205
14200
13184
8525
14144
14786
10141
6004
3185
822
6159
3054
14791
10243
6019
13225
3790
3113
1903
10545
7671
2576
2938
5684
891
18
9055
7872
10802
6079
14582
7631
9450
13163
1172
11844
349
10316
7871
6186
6231
1772
177
1382
5463
5699
1493
3561
13255
22
1277
8491
7310
8246
6691
8287
1043
14025
3056
4051
1853
12978
8803
5271
1440
14177
2339
6518
14136
14075
6179
856
770
9531
4008
12453
14449
4240
13168
396
11892
6642
9127
7185
13387
8332
2009
12337
9222
10042
8902
3795
8941
7566
7743
9861
5866
13802
753
1254
13589
7496
6746
7921
11456
8648
11513
13375
11795
8820
5634
4627
6887
2296
10363
6427
9904
1800
3968
1402
12672
394
5588
1978
1794
10813
6350
10915
4615
11012
7735
7354
10340
11290
10136
9
8220
5648
3105
6234
12117
4836
12005
12677
9376
8171
2401
11037
9887
3095
8889
13424
10705
9693
12844
13937
11579
6874
13197
1562
6178
378
4897
4679
1008
9711
9892
187
2603
3316
8313
10561
8607
2940
10499
11360
414
14949
11330
1411
4669
1588
8480
7330
2579
4492
1351
2805
6225
45
9933
11296
5579
7894
9669
1001
3350
10072
631
11863
7033
14816
4904
3068
14842
6228
2608
8686
7226
9327
10140
11185
7237
9203
8697
810
10569
6523
6529
12725
2180
10463
14356
14079
12390
8548
7664
6198
13849
496
5784
14153
3565
10773
5313
3194
5255
4033
1500
2375
12245
3722
7267
2731
11497
12833
9572
9198
12319
5201
11733
3418
10932
1134
2162
11720
7063
241
6181
13403
12818
2795
2534
7949
14284
9026
4580
4213
8887
14158
11635
4132
3079
1071
1148
5933
3243
10855
11683
13960
8364
6285
9722
10250
1215
14691
3824
4405
59
4586
7077
3367
317
5150
4335
2035
10582
8895
12984
14699
2308
8632
7252
9481
7072
3777
9036
4516
573
3301
2815
10356
2470
7550
966
2186
12401
9233
10892
8469
7891
11708
11547
12700
1049
8871
4104
1653
996
5538
4425
1405
1453
3534
5926
12004
3075
12594
7885
13745
3247
11392
6473
5969
14555
5899
2192
7165
336
13601
6003
13111
13689
13690
13243
7131
7043
8249
5615
11622
7130
654
13500
1477
12629
6590
6554
11270
14569
2098
11703
8888
12151
3004
7417
10666
3684
9702
4800
2347
5210
818
13283
1470
363
2734
14309
7269
10005
9820
13924
94
12548
14885
1695
11800
12786
8858
9490
6402
1512
11202
14410
13850
354
9515
2174
9629
10791
11273
1150
8756
4002
9030
798
716
5965
11754
11422
5072
2560
2229
5154
2682
1612
4967
9223
13216
2314
7797
3525
14180
13599
8652
10272
8189
14977
11642
2765
14345
7796
10991
2973
9886
7502
13675
5442
11101
1460
8076
5974
3894
5496
3236
8149
12136
369
9082
5373
11264
2240
3899
9684
12598
5153
14279
4783
4382
9054
882
8177
3707
9564
14583
13180
5248
2672
11358
8627
2976
10285
10142
9930
9424
3448
11953
7640
13830
12445
185
2866
3902
3940
1888
12817
10510
9100
5362
2321
7151
1913
4138
14038
2102
1208
7374
2342
11139
6978
7018
7773
7600
4268
8336
7059
10783
9325
1039
4504
928
2227
14082
5897
11707
8385
11625
8891
14575
7104
13372
3883
14173
11644
12104
13314
7808
8423
1681
5688
3572
9679
5357
4585
10583
1487
7441
10282
7251
1138
8292
9619
6034
13390
6494
9020
5947
1296
14412
1253
14065
63
5287
13381
3181
9518
7503
13056
12311
11251
1262
42
10641
9256
8837
5182
2064
13724
2723
14000
758
11600
12348
9601
560
1363
203
5868
5810
11420
14726
4026
6830
12623
12520
3461
7475
6208
2602
5854
10703
14813
886
8060
12426
1462
6720
7335
6302
720
9587
9829
13471
7816
9059
8621
4707
3280
10594
9737
9164
9664
3655
12186
8779
9929
3788
6353
9462
9116
709
199
2434
14233
10472
12768
2349
8178
6025
11679
294
5999
12266
1429
3152
10699
2890
7146
14220
1375
6056
13480
1173
14195
12825
1034
2970
1323
13454
9511
7207
2942
1441
12168
8746
2129
14048
2114
13135
14124
5909
13928
2570
3111
9831
6211
9119
7708
11405
14371
6011
9483
6507
12312
5908
9385
10975
5889
2069
8829
5104
7501
3617
13785
2759
8906
6958
8798
6196
3462
2201
1435
2766
11285
8052
4373
1463
158
4336
8422
7954
14658
11319
11248
9360
8602
6511
13003
2210
12208
14197
13829
12155
10116
4226
104
4598
8210
5207
2471
2358
5901
7638
12286
13407
4433
6183
5473
2968
3035
12365
6492
3132
3381
10305
9953
9178
9019
10891
7213
7476
2469
8407
10312
6637
1241
4258
9734
14470
9513
9000
2772
1927
645
9173
4999
9703
11633
2725
2230
14411
10055
11524
10596
3483
986
6424
9794
5592
540
13423
14696
706
15
11329
606
7966
5428
3851
112
13394
226
9332
7512
2100
14181
5628
2862
6882
657
6600
4296
6391
8971
9704
12336
12563
11318
6288
4485
8712
4587
12113
5811
3997
8471
781
3476
11588
12460
12134
528
11906
10794
10832
2080
7666
1304
5655
2334
13495
1164
8841
1299
5415
4744
5669
9232
13660
9152
13838
2228
5788
4754
2141
9089
12111
9819
4742
1259
1187
12710
14319
322
4823
9344
1320
14563
14354
11671
10837
6782
4247
5396
3006
10707
13460
9235
9213
1849
4454
684
6423
1302
8429
3072
9516
5608
13468
8663
9717
4263
10264
7917
6131
4248
11104
13844
9297
6429
8187
1371
12116
14840
4431
12372
3550
9271
6751
3673
10900
5356
14867
10237
3792
8006
679
14355
12769
2835
80
13124
7221
11661
4978
6382
3456
6068
11186
6205
408
7646
8284
5045
8290
14958
341
14591
442
5645
2250
5831
10087
2996
7541
4308
5984
5542
3621
14519
1632
3365
307
9826
10402
13926
1090
8522
1630
9891
6180
234
4843
7386
30
3932
12072
5454
10033
12802
7370
12218
10564
3050
3998
1496
13052
1381
9353
10409
12253
1306
2758
8642
3161
5639
5130
5927
14108
1540
4549
11454
13886
4821
14909
12592
1938
3477
10903
10883
12347
7472
685
7957
3918
7002
9487
2847
13879
6877
3557
11469
3984
14640
5315
11451
4221
4260
2811
6596
14427
955
4358
11640
1933
2381
5549
4440
2984
13594
9488
13440
5793
13169
7361
10984
10608
2659
2041
13285
5406
3442
11383
867
13275
2439
9188
1700
12512
3470
660
5134
13889
9695
10864
4142
7536
6236
13755
1908
7829
14370
6965
1796
205
11473
8938
10809
7394
1610
235
4334
7874
2969
10248
6009
3408
267
5409
9346
14331
4062
12535
12298
1476
7324
1567
13222
12068
13837
9343
4895
1075
8907
14110
10020
4817
7431
9259
3642
7054
4531
3933
4165
1073
7449
13670
9527
12931
13477
14687
4511
1367
13466
8770
1479
10865
1113
7098
350
5009
692
7362
7196
4573
3602
8628
10426
629
796
1823
10694
7302
9069
2066
8970
5469
8155
2385
8842
2517
2087
12810
5627
6556
9578
3936
11981
13575
13412
1985
11203
2209
9533
11116
611
6528
440
8614
2645
3481
5486
3776
6403
1365
8613
9514
5979
13705
3411
9446
10628
10774
1924
1601
13896
5412
11064
761
14799
10912
12637
7464
12663
93
4807
8546
5001
6693
439
2802
11069
14467
4282
7143
3948
3092
2143
11586
2144
2642
3036
10785
4379
10591
12382
10367
10133
9236
4746
153
2933
4885
8792
7087
7753
7645
5586
9189
12007
3531
9754
8318
2147
9838
7950
3353
11874
12156
515
12940
9921
8745
7315
9757
4847
10301
8994
6871
13539
3986
10715
2947
10626
2018
6188
4472
5823
2975
11689
4776
9905
8214
7458
7967
500
246
8036
6574
6990
7623
13978
7265
13625
10280
533
14969
10424
7663
10698
5735
12915
12838
5336
5048
10369
13846
13108
6652
5664
6270
526
13941
853
3757
3441
13109
3942
2361
5559
14526
491
10910
1611
111
13288
2224
6775
5711
7626
11160
11079
5051
3237
13298
4065
14216
4548
9174
7695
10401
11412
232
6436
7058
13582
12974
1917
5116
14027
12309
619
1957
13429
4370
8358
795
10417
9955
7614
9358
13464
10460
277
7376
5673
2743
6344
11008
6489
3038
13134
1361
9808
6386
1878
14843
5511
14851
2619
8509
11830
5233
6148
4901
464
10787
8826
593
11528
13639
254
3066
3140
13957
10279
14494
14622
6679
6372
4832
9612
8573
7763
4718
4467
7381
12808
4332
9411
6218
652
8087
13588
14955
3315
11342
361
8854
367
2262
13511
13931
3545
3293
4902
13282
4685
14398
9057
6553
3090
11736
2350
7530
10711
993
6257
1279
14425
1104
10196
4787
5035
1747
7042
12485
14126
14581
13083
10753
9922
9289
1918
8951
4605
9045
9210
5478
4701
10949
8455
10862
7612
13092
2116
5016
1683
4715
14244
681
14149
11564
658
11281
11778
12596
8056
13019
4172
11833
2736
3463
2030
9245
14179
12238
1019
219
2213
13242
10821
12367
10618
9815
5623
14543
14283
9372
8934
3459
10849
9870
1393
14329
14959
12325
4042
10041
5537
14160
12876
2650
3399
2397
3085
8743
182
11323
9596
8473
10287
9384
14199
6129
12942
9969
5624
12946
2999
11695
7366
8596
12612
11619
6454
11349
5672
946
8611
12788
7106
4643
4721
8702
13664
7824
5095
2368
13885
7849
6785
9361
7235
12518
2293
7109
1451
11612
8240
14240
4003
11006
9459
11190
10648
8013
6636
14253
1228
5635
7547
10922
12556
4387
1711
7728
13331
6002
6165
6021
6835
5252
14931
2222
10066
5445
11086
14360
11587
6787
7246
9665
12261
11996
8695
13238
1778
133
8828
7661
5740
3892
2616
4903
11986
927
5472
6890
12759
5594
12557
2369
565
6452
8553
12302
6648
14237
7750
9192
2091
8303
7006
12461
1846
11758
5630
3053
5938
11540
4071
13185
485
14866
7555
9726
8772
3149
1059
9316
3099
3575
2170
1658
10413
8433
701
6028
12359
12809
4594
5896
14722
2118
8693
9101
452
9876
3436
11341
7167
8131
8637
7625
5799
12764
5809
1183
380
5198
8252
13212
13128
13392
3641
780
5490
13016
7199
7060
1465
4894
161
10704
4458
12914
1293
9566
3634
9534
12118
11877
11343
5797
3446
366
13162
11748
3811
9742
11386
10781
13176
9443
14421
9649
582
5958
13915
9352
2461
14119
1103
10384
5751
35
14917
7421
1372
4364
2415
11890
2767
10980
14273
9897
9705
4939
1091
6627
10469
765
5401
13318
13335
9848
6050
5803
641
8619
2649
12713
5272
11119
10190
13781
11541
4371
415
915
2297
14086
9701
8094
13055
5452
12909
14300
5420
1282
9852
7453
3838
703
14602
2332
8658
8917
13102
6264
3022
10750
10622
10061
2414
5910
5960
8089
12092
247
6749
9065
14111
14913
1430
12258
5133
2193
14498
4269
14077
14135
2085
6207
9682
13467
10001
14375
8080
10724
1696
3885
7173
10032
10223
1839
2809
4798
11907
607
2061
7938
6893
11849
587
10036
14272
3834
13478
6273
11650
7754
11512
9956
2142
8668
7155
1590
4869
13732
4831
6323
4683
12077
1079
1758
8904
13919
3220
11781
11899
6369
14625
11825
4796
7231
8703
356
9951
6767
7854
8447
12010
11315
4788
6760
6661
1355
4558
6251
4912
964
3613
14712
6985
12554
14226
3189
7395
325
12605
12665
3169
10324
3746
885
1024
12432
4856
3584
557
2176
2981
8865
3669
6971
11597
6542
2199
11747
7368
1260
5335
8558
1684
3037
1087
6927
3965
3650
9681
1105
10529
9286
3465
7212
14530
8330
4211
352
11508
3042
12835
9288
3759
7548
9743
14592
10924
3062
12499
8488
11028
6780
12948
2294
3571
298
10631
1543
2010
13292
12142
12491
3246
6020
8075
7347
11107
646
3295
12326
10462
5091
4177
14327
9458
10201
89
12653
12566
7300
13321
4767
1499
4727
5949
7929
5190
10163
1680
4345
3704
4426
5449
6332
12224
7133
10814
3208
1643
6376
13971
608
6777
7980
12079
12243
12388
8191
8315
3712
9561
5638
11823
10490
4921
9666
6067
11365
1413
13505
7853
12468
4835
6316
13591
6653
7942
7080
3842
12014
8175
10877
9367
2849
13151
6310
13905
433
694
4462
12141
1322
10215
9673
903
1583
11049
8954
9920
8742
12441
8520
13496
5003
7012
3100
11344
10095
630
1990
5234
6093
9538
10548
10154
12305
4976
11940
100
1294
11978
10143
258
11403
14250
9781
3679
3831
8518
9493
476
8799
2997
4630
11790
6071
14317
1356
13616
12052
6128
5874
12973
6235
3195
4676
12913
14105
5700
2781
3214
14683
14915
12515
13531
5457
12184
5551
13934
8935
5967
4299
8986
1046
11137
5714
2390
7494
9038
1559
11726
1510
9582
14021
6121
13071
1942
13564
7553
5653
1292
4877
2313
9646
296
4020
11552
13895
8323
12484
9676
9097
2800
9857
12380
8812
919
4087
6954
3812
5155
8521
9383
6240
9833
12850
4518
139
9381
14692
8421
10888
10313
9060
1186
3013
3319
11929
10497
14052
52
6896
12905
7578
8719
3471
814
6547
10468
14995
10968
14442
11092
2337
8966
14869
12721
6395
4914
8915
1135
12576
1050
12452
3455
8000
2613
3491
5083
13319
13898
399
3957
5397
3926
14469
2099
13476
960
3616
1879
3758
1650
14595
9777
3084
1436
2764
225
2621
5127
13022
5400
4080
8441
11332
14502
5455
7373
4778
6418
8063
9102
14255
8054
13932
2484
3498
9894
14834
10385
9916
12797
5855
6398
13950
3080
11551
7124
5299
5758
6937
8348
14705
12883
339
4385
2651
12098
11794
9713
1242
6966
2860
10763
12621
8073
312
3070
11167
1921
11301
13072
5417
12779
2070
237
7960
832
13651
3897
13313
11829
9131
242
1246
8317
14742
12581
8665
4607
6318
968
2671
6214
6035
14446
1755
12122
1596
579
6213
3975
14384
12270
12608
174
13534
10961
1969
11093
6182
13965
1813
12735
693
9816
11628
11675
11876
9840
2479
5195
8815
3816
7935
13129
82
6096
9856
4128
9661
5468
595
4317
2113
11740
8671
2366
4797
2625
5222
12582
2590
842
6110
7886
12124
8266
4900
8875
13585
1881
6972
1086
9690
7939
12562
14471
5456
10267
8461
13270
11730
12392
7005
11764
310
11700
13302
11732
3193
9228
12236
3000
11002
4741
774
13800
3601
9018
4664
12619
6222
12064
7286
7372
5041
9379
7533
11861
14682
3321
9657
3146
12656
8514
6716
7355
8504
8432
8583
7314
11950
10379
5341
13925
1867
10973
5583
3610
4374
4968
14634
14479
7116
13411
14918
2683
372
13828
8864
9783
6692
6656
9062
2623
11767
6346
10453
5783
5678
9983
1097
8630
8667
2418
12474
7303
6975
1852
10550
14614
3186
6932
9707
7411
4323
11194
6421
12271
10592
3827
1065
11970
550
10458
12402
4542
1005
7157
10568
11831
12758
5540
3630
10617
9444
6649
3264
3154
1837
8582
11745
1515
11705
9882
1608
8778
665
10635
11785
2823
7651
1939
4919
8960
13393
10533
10265
12979
1264
10848
12095
7719
8892
1152
2422
11676
5052
3969
6514
9671
7982
1901
11967
13772
1108
5686
9404
7038
6669
13529
11828
10377
4070
1533
13930
92
9161
3334
5074
7398
12034
5296
7332
813
1357
11117
9613
8527
1868
9320
13719
3593
8827
8192
14785
3735
12812
2302
2669
9010
5577
8437
9011
14538
1858
6825
12090
7162
9211
4829
6620
4010
3027
4157
1498
9809
9196
503
12945
12962
12523
3644
10799
7318
390
2073
3138
8202
14725
4236
9898
14444
11207
7141
12886
11000
3227
10330
1482
7905
10500
9776
6195
13350
14837
13095
5986
5102
11103
9208
302
13089
3101
10854
2563
6143
12091
11614
264
12330
10184
1625
4229
2881
2574
3688
10101
9914
12669
799
10615
8930
454
8990
13351
12826
12858
8664
12483
5778
13771
11793
8625
11559
12202
3740
14505
13000
6857
14281
14019
5576
2473
1271
3107
10632
7700
4622
9910
4649
2236
6480
10372
8947
4290
6948
5028
11091
11145
14133
2184
8753
7540
13650
3325
11189
2880
9559
5952
14768
3607
10474
9202
893
370
802
7036
8507
10554
5514
1561
5679
14031
11183
10606
5900
6487
8998
2596
9767
6252
7440
211
6304
13482
13917
11822
8374
120
13339
9644
12957
14678
2149
13182
12069
1810
8195
2171
12880
124
10389
7999
8024
9034
1765
8713
8426
5770
8943
9841
10819
8590
4616
10220
11990
2386
5944
7206
12516
4327
4159
3922
598
8181
7557
10964
494
6250
804
1652
5476
9806
8222
4612
14795
7741
14549
5728
4459
14185
8819
2258
12748
13693
11884
8103
11181
4774
7244
7483
14202
3410
12203
14953
13018
6685
6172
8516
8489
4408
11698
2983
2004
7499
4745
4149
7181
7869
9827
8402
7363
11655
7044
8356
10428
11620
1042
14980
3645
14812
2016
13137
7509
13456
5530
5830
14018
3891
13836
8046
10670
5545
11544
3225
4171
116
2992
5923
8528
1941
7727
5704
4896
2378
6108
14872
12101
7218
9718
9688
11075
12056
13026
11474
7702
14710
2822
12017
13036
5046
1646
6823
2164
14418
8173
7637
2398
10640
5231
14351
10812
9474
13444
9221
6674
12964
10380
13428
13805
11019
10371
49
2531
3197
2533
11735
6309
4925
2891
12430
3637
6038
12593
10090
2095
12244
14612
14301
2023
4521
6735
5423
10153
6018
8334
1664
11265
11470
949
11971
9377
4541
3317
8297
6502
5789
12187
1594
4510
8128
6194
3837
6580
10040
12455
6850
2351
8849
12717
3261
3938
14758
12081
5964
9348
11955
10422
1760
11306
5536
7382
4969
5992
9014
3542
13887
11853
10836
13214
2256
7936
6754
11969
3396
3393
984
1857
10723
1403
6638
14750
8681
6197
14047
10842
6072
3870
12626
7056
9441
2520
10376
9874
11287
7786
6997
1709
11897
8992
1276
12792
8398
9279
5841
7715
8393
7583
10470
13029
13114
7804
2877
7943
10662
5462
10689
14243
8438
14129
5381
3162
9230
4249
8476
14598
2506
14707
13172
13968
2673
13425
6111
3019
4636
6268
13735
2379
6117
5568
831
8306
12493
7538
10669
11872
5225
1719
4081
7760
11539
1195
5274
7678
11855
3962
4990
1723
11945
7514
5762
6104
4537
5224
5826
3854
11459
4706
14112
2445
13340
13317
9003
60
12414
6619
10850
9037
6024
7371
10241
1328
13574
4466
7239
7406
14936
467
1409
10111
1424
6941
1083
10633
72
5547
5743
11567
14487
13305
2044
889
7984
4444
1748
5587
8797
8342
13370
12470
5595
11411
3320
2391
1045
6334
12670
12251
4114
191
9962
13040
11211
3852
2830
9137
11397
9071
1931
4122
5385
8675
4808
2048
11175
13631
3908
3660
6461
708
14012
10646
13382
3198
1126
75
4631
2834
8927
2272
1220
8256
3608
783
5736
2988
2079
2305
12345
4566
3532
268
10152
1654
13156
13138
8067
9489
10240
3106
3996
5696
11253
3392
5807
6040
10039
3877
7974
4463
4997
10331
7364
10914
10128
11099
921
8794
13641
9094
13329
12972
13059
5626
10515
5311
13988
7859
12150
6488
7620
7404
5996
974
243
11486
3240
10735
4199
10951
9146
671
10491
14316
3506
12409
2628
8115
12568
9822
8567
12537
11490
4625
10110
13160
866
14416
11043
4428
1029
2713
13795
7111
6562
10187
5959
11070
11869
3016
11634
14877
6766
7648
2667
13711
5386
11816
5031
12671
12316
3363
3978
11460
14495
13448
12683
11916
10695
4043
6970
7316
13569
680
8257
11228
8482
8227
14727
5365
14646
8900
9272
9605
9580
4781
9517
3439
10431
3549
6538
13221
9668
5368
8759
12675
9417
13567
14547
5796
675
863
12119
13209
9594
14072
11241
8524
3964
6074
3829
3946
14333
4691
4403
2487
3925
10037
300
3083
3298
13935
10169
26
10553
13653
3861
11905
5309
3389
12708
10686
7323
1560
4069
2665
7304
11799
471
3287
5141
6282
9503
5030
5818
7610
9530
409
6322
1269
4845
4029
2480
4765
8593
6537
7102
13017
13446
6991
2031
6864
834
14649
12920
14287
2163
14937
13067
7654
10682
7879
10467
9115
12366
907
10344
3786
6476
6422
12418
1636
10976
4983
14773
588
14430
8381
8775
8231
10262
11453
6743
11578
8758
5440
2593
47
4163
6634
13947
4734
9950
6493
4970
7410
5081
7380
4223
4255
2932
4524
10731
11682
10481
1275
6468
3872
14557
11438
10657
12777
4239
9265
12649
6297
13324
9981
411
11841
636
13051
2307
13488
4295
5971
11566
228
9306
6756
5884
561
5911
8987
13558
12790
3020
1025
9824
4191
7889
14131
5994
1870
14386
2006
14718
1568
12983
3173
762
2961
11082
9442
11935
2930
2848
10759
6467
5441
9156
14424
740
2777
13913
7908
8857
2876
13775
8506
8985
4319
4054
6525
11204
12681
2119
13133
3011
1947
7529
11123
4552
11590
1101
4923
14428
11994
617
4307
5517
14628
6099
7558
667
169
2155
2641
14814
8483
1672
12954
2260
14229
7518
14926
7010
12762
4245
14076
12635
10575
9749
4133
11483
132
4167
10917
4546
7097
14113
599
2865
4482
2319
6287
14561
6157
5786
7123
5032
7611
4662
811
13655
764
745
2169
8729
5691
8241
6926
12297
10024
6644
8048
2502
6047
5774
2424
114
4819
10155
12871
859
10532
6439
12060
1649
13201
3793
10477
2190
1815
11269
5390
13057
13025
6274
10370
6058
4161
11081
14680
3487
9227
3215
2675
9864
13363
12659
6176
2740
5391
12821
7543
4951
9076
13368
5119
13226
43
6232
4523
3708
14432
11130
8645
5230
4789
1192
6271
9006
6702
12636
5895
14887
13154
7622
14657
10597
10958
12780
4144
11678
5816
13432
13658
5747
6624
12396
10642
7061
11894
6409
8193
11147
2282
4125
12853
13537
1725
4519
2653
13237
718
5644
12138
6444
5474
9501
3538
1764
10963
10100
7321
13984
10084
1018
8286
5494
14745
9475
8862
13389
9752
2670
9262
5180
5331
8371
12289
9081
5993
7298
10374
13831
7169
5950
9138
10457
1401
3125
1163
3276
7524
14475
12519
7276
10930
1793
3768
9738
5189
11106
13674
8007
9744
11972
12615
6415
13801
1003
3611
12139
7120
6764
5055
8372
14769
9773
8741
7545
4399
9077
14833
4953
6665
980
431
722
1244
1055
14590
10253
10175
4252
13933
10260
7439
7312
11674
6103
11668
6033
6135
1635
10321
11960
5413
6979
13194
5146
14437
6632
1203
5088
7184
10026
8370
2161
11827
13822
3985
3876
5757
3753
13516
7810
6891
13938
8880
6737
14757
6389
11526
12163
4898
13421
14639
13249
597
3450
10846
3900
7328
2101
9653
1925
20
553
10056
4725
10180
7994
1017
6113
4801
1492
6328
9604
1965
7435
5513
10688
1129
1508
13502
13865
6319
10107
13199
6641
4739
14034
14579
10860
983
3754
4235
8557
12362
8294
14020
7882
8564
1525
13307
6233
5149
10955
855
106
5489
10206
11577
13861
9307
14613
6151
1661
6338
13441
5122
1337
510
14210
5237
3567
7047
1769
8183
5405
5885
757
3165
1391
9429
14091
14819
10362
7956
6824
7177
4000
13646
1461
2770
7399
4186
6608
10890
8039
3432
9313
6682
14809
10347
4188
3850
14312
7253
8344
7040
2875
9909
2529
14222
1209
13994
4886
3205
9999
13813
3109
12339
7446
8154
34
9403
2318
524
7153
6404
7049
10693
6868
1099
13804
4729
10977
7164
4486
14744
2677
3526
206
4210
4606
14536
10354
8190
14796
3781
994
9309
7694
13761
3486
2
13130
8964
13992
2409
5533
5621
14280
6786
2215
11525
2413
14663
6445
998
6559
13821
4525
12082
1395
9486
10235
3603
5488
3807
11409
12170
11658
2494
6043
7015
13672
11209
1537
14187
5870
12546
5172
6959
6588
3597
953
6153
7025
9903
7334
5167
13753
6843
3664
6078
6371
13152
8633
10771
8486
13890
6905
6916
10665
7299
13364
11582
9183
7392
10290
2624
6569
2298
6571
7094
12355
14565
13847
9465
10386
11491
12440
95
8288
4826
1036
7697
9631
6365
3833
11062
1535
266
3074
261
4164
3772
5713
6707
8093
11657
14818
507
10256
10057
4277
2145
7020
13656
6267
4339
6363
6851
14928
9932
13728
2032
5293
9834
1718
1679
5238
14088
468
14423
4262
8720
12924
14007
11077
8230
13514
5666
13427
9912
12754
10465
6739
6401
9635
12431
6810
13191
12273
10738
2572
10516
3789
8268
11418
8538
3856
5916
13204
10737
5522
2929
12146
10768
5053
5145
2699
11998
11021
10962
11416
6827
6292
6141
8561
5650
1012
5570
3371
14787
14676
357
12580
8950
5528
1033
12315
3427
3499
7660
14221
12448
2611
5508
6276
1196
2582
5985
3394
14417
5498
2658
11291
13951
7088
218
12340
6870
869
10788
12127
13942
2869
1670
1118
3507
9971
10647
1332
8501
6977
13860
9463
2511
5410
1109
5771
14295
3049
4441
14779
6963
11927
13527
3840
8730
8725
6561
13192
969
6356
1674
10147
9482
11276
4283
3674
12889
601
10649
6446
2924
7941
4794
5211
1257
6885
14477
2466
14241
7965
14374
14343
6336
4864
2979
11891
1154
5715
5800
13798
7166
1058
3890
6869
6531
1883
5289
11797
12062
7478
10985
11208
6903
14587
9986
8752
7215
8499
14670
8721
8309
6162
10981
10918
488
5836
4153
3551
5429
2541
14880
8475
13538
14276
5344
13259
6149
8963
847
12443
231
14392
8308
4892
5174
9390
6731
518
6173
13311
6348
14310
9410
2614
13171
1741
11775
8806
7405
9333
13608
14553
6515
1807
9225
13039
7263
11125
5975
2068
5403
4488
7474
8416
14002
2341
7684
14165
13692
7234
8312
11560
1773
10838
376
739
11509
13906
9341
1774
9395
9546
11195
4148
13090
7649
9762
14080
6586
1906
12878
10988
12369
4348
4113
8078
197
4866
2178
12918
10542
7473
3941
9714
6314
7745
2179
3744
1069
166
7919
5510
6713
14109
24
6968
3291
1080
3930
4329
8144
221
10442
5316
5465
548
9148
5278
4647
9526
9440
276
6373
10065
4198
11854
1247
3947
4577
11218
8956
11630
12428
2716
13497
12796
8300
14781
3311
6704
3702
9810
11040
5044
2407
1420
3322
1063
7071
7758
6551
8343
13342
11813
14763
13024
12376
10030
6339
10800
10257
4182
7789
10687
13553
10730
1504
13473
5817
8307
7254
7915
6469
11557
7559
1469
9938
1437
6503
12542
9895
13976
10741
8302
3626
13218
12540
1298
16
8676
848
2421
4698
14182
13362
1147
872
8150
14824
8661
4195
14679
13062
6583
3089
2855
6144
14554
1456
9871
10398
649
1633
4509
11851
1390
12373
6343
13777
14116
11302
1655
118
2655
5087
8244
4550
1207
14193
11352
6545
13749
2280
7168
5869
11965
8159
10740
419
4056
10375
4293
678
12195
10480
610
3495
2288
2122
5073
8211
5721
6616
13665
9412
14482
4155
14771
5348
13179
3096
7883
7348
13903
7450
14143
8259
6906
9002
6758
13576
10135
2373
3646
6140
785
7190
382
11805
5183
9342
3875
1801
13782
3271
8397
7292
11608
8571
9565
14157
10092
11053
6783
229
4254
8495
9960
3187
1575
3354
9117
9751
12115
2728
14151
2477
4465
2376
10212
13814
8038
3976
10423
4341
5447
4437
11842
152
4891
13228
14459
8831
9495
306
7249
11345
14894
10244
5671
11305
12211
7603
624
9159
3057
3880
10482
3144
2864
10507
7272
13666
8919
7224
8085
3372
2854
14320
7176
12384
1948
7075
3693
11390
3763
3029
9900
6014
8867
14171
12393
8757
4225
2107
3272
6789
184
9954
7898
4061
14357
7584
1834
3267
3364
962
11753
8170
450
4413
9229
13449
704
9593
14619
2374
4320
2794
2751
7468
5212
7158
9113
4681
13034
9135
11180
10827
12950
9606
11715
10158
5054
10948
6016
5021
1584
7586
10603
4775
12737
4726
10046
10896
9507
4169
11237
13834
4656
3893
14451
8001
7009
8217
5571
4565
11845
7877
4050
2442
4420
1545
9314
6189
538
9814
8213
1442
12120
14426
12350
10792
144
3858
902
3963
756
12209
12135
12400
12849
9567
1225
12214
2419
4732
3382
7756
5604
5819
9337
3283
4926
8810
6155
2416
914
12166
817
5279
6560
9845
1733
13462
14665
5339
2449
8662
13638
3112
14186
3041
8890
12599
9823
14138
5324
13519
4338
4498
5821
12698
8345
3533
13977
6296
14325
13784
5573
11672
13584
13858
4958
1781
14896
1749
812
9699
13346
5185
1385
4766
1168
14883
4391
9761
10526
12230
1851
12720
6191
2034
5670
9180
3468
443
5256
278
14388
12875
7683
13210
5961
8106
4330
8670
14326
12827
4954
715
7486
6883
12997
6863
9251
3760
9339
12912
4388
11224
8403
2402
4423
9128
2785
9901
13107
7201
292
12288
4645
88
4814
12235
10909
212
3338
13005
8069
11308
642
6430
7105
9775
9061
14447
13118
8188
3126
11432
3034
13835
5477
10668
5915
8594
8326
14520
6061
9964
5546
7178
154
1731
14951
6568
14057
3912
10049
14373
12346
1892
5092
5606
7085
3010
9545
3299
7991
160
9294
6366
7408
4112
14466
9224
5702
10335
1110
12668
5983
1427
11880
4520
5543
7051
11562
9990
9328
4389
1736
1485
12121
4805
9304
4079
4365
7150
4477
13624
3210
417
1884
13776
2325
11536
7519
7761
8813
1434
4018
4451
898
9275
13487
5432
13122
14690
8206
3778
14848
4281
3116
3475
2922
1843
2668
2082
8389
12755
3064
3158
2646
5355
5314
11930
309
2384
10732
12733
2388
10122
2454
11402
5852
13703
7852
10047
14868
8560
1309
6526
12306
14863
8908
7868
13712
12425
10168
5814
11639
7053
4384
1433
14635
13010
4962
14514
7835
3977
3543
7597
9825
8644
7294
256
10076
4491
9893
2701
2514
4784
2644
13136
10579
7003
10967
2700
11279
10419
9255
2475
9830
7992
9689
10048
4860
531
7039
21
13990
10506
6254
7067
1210
13811
12450
8138
13884
6249
2790
4208
9842
10573
8599
11592
4899
1615
1141
10546
432
7416
7581
9499
14266
12193
7465
14777
4712
5038
9085
5375
1446
2870
8065
8836
14846
12108
9359
11943
13663
14050
8886
3822
13457
12239
13211
5881
2549
11445
992
3703
4964
3748
8196
7356
6199
7572
14747
9787
5693
12126
6738
4383
4185
9239
13536
11410
11097
5320
8555
13479
4216
13508
9622
2238
2863
12212
11436
11450
12824
7319
13622
6341
14094
7531
8254
2569
3458
346
4218
11048
4409
11042
13659
5553
1268
11939
2268
1521
11367
13145
1979
1593
11128
2029
333
9797
10946
11709
5550
8099
10805
1558
12313
3659
11238
12678
8101
4312
14675
3332
5519
10015
13155
2796
3588
3248
5515
8047
10121
837
14853
4873
5308
6290
13208
3819
14985
11834
12682
1597
8851
9207
9854
5920
2578
2423
5352
41
13115
5191
4017
10178
9970
1379
682
4913
4298
188
11908
6672
9674
11457
10192
3839
3967
14231
6944
1685
5093
6544
9728
14629
3223
11168
423
8458
9520
2717
1388
7779
14855
6788
10757
7397
434
11706
10581
875
14656
4006
826
10283
5013
8701
4175
1177
10393
4799
9500
6377
9709
13236
7217
6950
5338
1162
4740
4224
98
5953
13433
8440
14899
7565
14159
12353
12691
2166
6772
5123
10016
9205
3577
1729
11596
8782
5651
1946
13868
9074
1967
9935
676
12013
9046
9176
686
14782
11201
5098
8234
4200
1489
8508
9028
11952
940
13217
2749
13088
3756
14574
3797
3355
12937
1713
2367
11158
2490
1777
14952
14093
2826
4802
9170
13973
279
10593
12658
14258
2202
6115
3841
1734
1407
14383
11734
1398
13325
1040
12009
7035
4769
12225
8314
8392
13568
8946
9939
2485
9048
4141
669
9839
2497
7757
495
1136
1330
10658
9396
195
10361
9522
1457
2844
14521
8623
9975
3651
5665
11197
7275
14597
7407
9677
609
5914
6939
8936
10145
11050
7819
11618
12500
1715
6980
11114
5596
7969
7014
7807
9928
14831
9543
10204
2012
7271
10023
7078
5934
6530
11215
10246
11144
6803
10886
4848
11517
8763
7019
5471
10476
331
4183
9280
7710
10936
10501
2025
3629
1720
1370
2705
13229
4181
2907
11911
1056
9042
7563
12860
3102
9154
8983
14087
14097
2450
14730
7322
6796
14100
8168
7463
5218
492
457
2042
8299
4315
91
11687
5661
4460
9281
12480
14456
5812
821
12464
4981
8478
11701
1771
9623
13744
2051
248
11835
3548
5558
12774
2498
12919
3296
3479
11246
10086
374
11387
14637
6597
8882
10106
6484
3086
10239
957
4714
8578
5680
1958
7428
1140
839
6294
5629
12782
8839
11859
3636
13817
10062
14601
11084
9476
2007
14527
7500
14878
10885
7211
5776
11059
13082
5640
13409
3638
10906
12956
11626
14903
6266
9853
5872
8388
1238
3635
14083
3687
11493
11120
3791
13685
8263
2680
6152
3510
8989
10019
4527
12873
2821
215
8785
1920
13247
14457
2255
444
10653
14932
5425
8615
6313
11779
4209
5864
6768
3633
1922
899
11324
13011
5863
4326
397
11887
4321
5643
10562
1166
5025
10329
8487
2989
10503
2807
3620
11018
12254
5689
2396
4322
7564
5378
4401
2816
8896
14626
368
576
136
7647
4950
6508
10293
13455
10360
562
6158
10105
10273
10298
9340
3734
3171
4533
13699
2362
10486
446
11838
7766
6677
2735
11304
14604
6949
14404
4340
10332
10349
4289
1950
3245
2792
7918
8647
14861
655
6734
9044
13416
7904
13535
5117
6269
13104
13125
5361
4667
5398
6969
9602
11127
10797
7964
12928
13452
3288
1232
11495
6396
786
9996
8406
5719
8172
11252
11419
4110
11313
5152
11354
7445
522
11803
389
437
11440
8696
9958
14983
8655
10151
13788
4300
2248
14886
8715
11993
10446
11573
11080
12237
10471
3916
4174
2249
8945
209
12789
7681
888
12494
4909
6022
13079
12277
5240
2527
4883
10366
4855
7630
5973
2939
12633
6145
9659
8365
14030
13009
12864
9785
6995
2054
14752
8255
12278
4556
10275
2123
2850
1776
1155
14703
8515
8863
6555
3433
11260
8657
5741
3972
110
13499
5660
13064
1983
4994
6116
13361
13736
5288
12143
10801
8337
13183
12041
8390
7506
6700
10311
8848
10889
499
14884
7046
10680
6013
14558
4350
10166
6898
12411
5754
1934
14389
293
14551
3480
7759
10112
8207
13294
6922
1082
10793
11485
11256
2769
5226
7101
6441
9204
13989
13794
9758
4747
13823
13492
0
9732
1316
202
3821
7261
6912
68
9723
14379
5175
11191
6133
2544
11896
11806
14695
4396
4863
6622
1534
5785
7127
6646
13709
5989
5905
14223
12019
7451
6299
8825
11804
8368
8679
7783
13044
13524
9425
11617
9063
8015
6615
7738
11169
13149
10191
7194
13413
12048
8111
6095
9466
10085
6041
5720
1329
282
5804
13754
894
13485
7768
14741
6471
12861
2316
1338
1368
10820
13273
5524
10508
4048
12521
478
5080
1692
8383
8659
10183
995
5142
8612
7338
1982
12692
4143
11159
12951
3718
1201
10209
11812
13132
10899
12386
11752
8939
2587
6400
10639
5695
1178
14860
4626
9807
10310
9552
12526
13334
13481
4497
14789
7525
14268
11957
14701
8526
1541
12552
4755
10776
4449
8814
2730
11338
8996
178
13333
7977
8444
10432
14987
2957
14397
2843
97
236
5710
12927
1324
4377
10623
8620
7856
2021
5641
9114
9318
8853
1845
12925
651
10487
4584
9056
3556
10274
2348
74
2510
1532
9347
3671
14415
7826
3447
12422
14808
1205
10053
9095
14472
2597
12742
5955
13848
9963
14911
11505
7367
7685
2198
11350
14365
10931
14321
6520
11320
551
12661
7259
14361
11317
14721
6239
2212
11691
12178
12538
8289
2106
13367
9802
3745
14720
890
14508
6822
8283
11942
6247
4859
14362
5935
12301
7924
3991
3993
5936
4724
4085
1639
14239
777
6687
3078
46
8755
12620
10164
5345
9720
2059
5765
1622
51
7981
14420
2715
11122
5499
6609
11230
5480
9016
6755
2427
3063
10790
11406
2081
7774
9362
1836
3256
3309
12377
11088
9536
1996
11293
7618
7554
2146
10307
10429
6327
4438
13769
13873
9354
6060
90
10660
6541
3176
6856
3228
13188
12242
9096
7602
3352
14460
14486
5943
14859
4372
11421
648
2583
11984
7148
1703
87
12597
2453
14825
105
5399
6579
4543
11068
332
3676
4190
8387
9150
8070
5805
9373
2464
1788
10871
9093
7163
3609
208
2782
1224
11213
2440
2773
4719
448
11052
10690
11523
4927
14794
2003
9052
11549
11267
393
7510
2428
4795
8762
9779
7589
8766
9133
3386
9884
7455
14304
9795
13767
5506
14393
10430
14957
10443
13274
8532
10718
1052
5848
7128
9407
6804
8251
13410
854
5485
8519
9959
8737
12718
544
8082
8496
877
2567
1248
4830
1754
7653
6817
9451
8609
7777
5633
11852
11772
6442
4561
7454
1143
12813
4207
6337
9051
6667
4257
14156
596
4671
5259
3943
3817
8916
2678
13583
6973
12046
14761
909
14759
3504
11784
1145
4053
13391
3467
3098
7122
3882
12226
7481
6300
9181
6540
1290
809
13378
4140
5491
5307
5501
10778
3115
165
9656
4540
14367
2371
13922
10978
4179
4937
461
3151
12227
4416
406
4806
9050
13073
1550
13550
6834
7714
5978
10654
4753
7676
8635
10601
4591
6589
6566
2575
11033
2195
726
10308
7260
8805
301
5082
12327
2884
10447
1767
8166
14035
5987
4818
7629
1176
11083
11242
8247
6355
2952
8984
319
7064
9686
8018
12766
12182
858
880
721
7841
6505
10535
53
12785
1488
10391
12293
4928
8870
2897
7585
12550
6879
3623
1676
6360
14313
13030
2638
167
12834
13909
6670
13518
12872
14528
5707
5794
2235
10368
1179
14610
13778
13546
3944
311
1000
4072
4366
6655
4786
6464
10706
5894
5931
3958
9025
4557
6142
10167
3324
4333
4839
6587
66
7093
10852
6705
3030
11172
12632
2365
2824
1603
13943
3370
3326
11787
8634
2364
14740
14152
3705
11647
13902
9356
1687
1714
7045
8225
6351
12479
11466
12255
10749
13037
14967
12654
8577
10676
4278
9883
13395
8589
5459
5303
13420
3339
3329
1609
7769
13762
3690
10798
7925
5219
8335
10271
11404
5968
8640
13380
6450
5114
10119
4553
4505
4651
9351
11188
5930
9624
10242
13956
5267
3269
6988
8536
3903
7349
5148
2200
1579
9172
10987
11
14128
6272
10925
4015
8530
9947
2908
1360
3391
4117
2990
13911
2444
6166
6187
156
11811
14835
7932
14939
10744
3769
7828
12349
1830
14232
4943
8311
12482
5086
13677
2662
3541
2446
3250
2845
851
14544
14540
13900
4134
4884
11702
151
13453
12805
1732
5827
13483
4127
12529
2698
1
6532
10394
4834
11926
7156
3275
14215
13123
12995
13545
11063
13609
8010
4720
4187
12614
5846
11112
13598
1899
4160
10815
11484
3485
668
10870
12096
13975
12730
4344
8677
180
691
1656
5236
12952
8096
5312
7336
12075
2912
8320
9103
7635
10681
9024
14236
3618
5605
11629
5404
4035
1728
5509
7470
2097
12394
10496
14585
4743
10779
4501
8781
14584
11363
10758
5649
14405
5940
8451
12743
725
7920
7737
10492
10863
470
1380
10727
7751
11393
9149
1093
4768
9925
7245
1724
13722
7200
12657
3242
5801
14347
14631
8258
14403
1002
8236
13523
11670
5214
3088
7837
6393
521
12603
13098
13023
961
10081
5298
9120
5276
6345
9317
6
554
12702
10162
1376
5011
12063
7144
12836
1574
2622
3579
13015
9471
10045
13131
3950
8531
10288
5912
6847
4635
5966
10129
12998
4782
7264
12604
1613
7172
9369
14922
4055
7326
5554
14298
981
508
11370
14154
9283
14875
12857
11900
14962
5674
12094
57
13644
416
7907
10719
11786
12153
1514
2937
779
9748
585
12167
11118
12712
5291
4168
11023
5253
1204
2901
4640
13619
6722
3945
2627
8650
2156
11948
4992
2103
13704
8022
9305
3360
11980
11991
5844
11391
4840
10897
2500
12934
6635
8124
13621
7778
4827
2726
10108
1111
13759
7731
4390
13027
4059
6333
11036
10333
7074
14960
8454
600
6243
3490
3222
6913
1362
14167
13512
6776
12130
2589
10919
9087
330
3226
1688
3974
11143
11339
12274
3304
6169
3244
3241
4811
746
988
6124
4693
14772
7591
5632
9628
7944
13707
11741
3846
13120
4846
2718
7461
7755
12287
3472
1182
3751
5128
9691
490
8861
5614
2778
8897
10539
5500
123
13205
9118
1497
8123
9015
4266
1798
8811
9697
1341
11591
8379
4189
288
7723
10761
1236
12465
9246
7227
8694
7225
8724
7542
14013
3001
8158
14204
13691
7233
5448
7389
498
8788
12524
12317
2631
9708
14716
2289
8728
11426
12272
447
7567
12057
803
12881
14934
12025
11755
3590
5165
2399
7609
2194
4197
11089
10068
5129
2451
7923
6570
12478
12088
2329
11704
3647
11802
7222
9496
12370
14254
4867
4241
210
6147
12416
10345
11688
8418
10077
8503
479
13426
13936
2872
911
10159
677
7375
2486
6683
10488
2072
12419
12246
12047
8474
3284
6256
5732
11105
11750
355
8037
2138
6307
12602
6070
11100
2886
1935
5204
10341
13630
4004
14450
3128
8059
982
6458
6605
1318
13503
13944
7655
6101
2463
8466
14096
9598
2547
12584
10448
13695
4749
3721
717
8452
6931
13365
723
1022
5972
2283
4386
2086
10995
4034
12840
8153
2481
8498
3529
2074
1897
9375
10251
13354
2261
6657
3762
1994
11925
8500
4632
13352
7997
11482
13700
14480
4400
12724
7521
8203
2789
14023
4972
7959
10425
12674
6836
7703
2959
12022
3375
8457
9945
2126
3425
735
8795
335
2327
5822
4849
8767
6289
13636
13652
7734
9123
525
10097
10412
2438
3233
5746
11394
1896
11814
12606
12462
14935
784
2556
7293
3657
13085
7125
9553
3935
6698
6516
13266
2111
12204
12176
7452
5325
14829
2690
7352
14943
13267
11314
14506
1396
11527
4880
391
13458
922
11379
9472
2768
5264
14056
12879
4126
3217
9746
1751
8809
13855
9401
8651
8540
9197
12458
8081
7262
13841
2737
11487
12981
11020
4318
14492
459
3333
7971
800
3051
769
12074
6915
1673
768
13816
10595
3689
7511
9924
4779
13157
2019
6572
823
13419
13033
7742
12097
9492
9562
10261
14489
10075
4555
13493
14893
125
14001
7805
4294
7228
13603
12807
12722
14956
7413
10440
5007
3443
2040
6946
11936
6838
2159
13099
1907
2160
9973
245
7220
6204
3025
473
3806
12616
3081
214
912
7820
5516
9072
546
11206
3093
7800
6500
8350
3631
10397
14026
14874
7534
10834
5096
4771
347
10710
1159
4529
6706
11150
14248
12830
11327
14815
7327
7484
14206
1614
11245
1272
1859
7333
14689
2189
2181
4611
7086
10238
10598
3560
2925
9387
8409
7016
13710
2686
10454
6911
979
3419
9509
7613
5067
8855
13146
2278
12080
4094
9199
7848
11129
7223
13741
1740
5883
13297
9736
13431
10021
4360
14408
9144
13096
4930
5504
3973
7580
10234
12749
10436
5602
12434
2846
4357
13035
3251
11029
7282
1940
8102
14104
8264
14685
10323
14306
4850
904
4875
7713
6306
10555
12148
541
10795
12929
14667
6080
9849
1662
3377
1642
8120
11441
11968
2394
12865
2724
11604
9438
11235
8031
6136
2812
7953
3743
12303
8077
12360
1343
8591
1133
5040
1153
13388
4728
3434
8616
13952
5069
9652
6340
1519
2972
910
14381
7865
3726
7535
10728
10808
819
3270
61
1350
7527
11763
8058
7791
10828
8551
14989
9485
14828
9277
8295
12775
12378
11922
9560
934
6860
3654
14534
4650
14994
2435
11312
4024
13281
8417
10406
5723
11690
11401
7331
11348
9104
12132
9254
2491
11085
6106
8982
4233
4121
7004
2309
11472
2712
6399
10721
14504
10203
8415
200
4238
2513
13148
7639
1392
10226
4735
8884
2001
8597
9023
8352
6711
10364
3192
10971
9766
6076
6447
7952
3569
11832
9249
4502
4310
5458
4369
3457
8649
13623
10328
2561
13721
5422
7830
6453
6563
13513
14788
2406
12191
13461
10059
13258
3765
1804
11428
14938
575
11214
55
4700
12570
316
11716
10181
14213
1426
8584
4442
12935
12696
8161
7403
8510
6053
13174
14568
7057
14146
2836
5370
14269
13760
11396
833
13613
1827
14407
9157
12051
2710
8541
3257
9112
13727
9640
5056
8682
8462
9793
14966
14997
13341
6703
4484
3121
481
12996
4582
4932
3733
11530
14755
5532
121
8156
13997
10920
9329
14660
13869
4610
14933
14271
2831
8912
9902
3203
10137
6118
537
6543
13509
10966
10096
14290
4475
13667
3982
1824
14434
6584
3073
1877
12793
2038
12490
6888
639
8944
486
2243
3558
4288
13166
425
12070
6434
1219
7384
8601
14531
4411
3771
11173
14748
1503
1443
8786
11047
1397
4777
4570
3300
3766
8740
4047
13173
6437
11471
12508
4237
6414
9473
2208
313
1937
2002
11121
12099
876
13563
9126
1305
11964
7979
13586
1026
4620
9683
13972
2571
3698
8672
12617
6470
6982
4975
6552
5215
14130
7492
81
3937
11782
13232
8618
8360
13309
12145
13374
7902
6023
9419
5075
14387
12423
12704
12815
6960
2067
4507
11366
8733
9581
14864
13921
12197
6558
3409
8833
6955
7937
272
11722
3281
4893
14064
9406
10437
5332
13993
5103
14655
6802
3387
4303
13961
10161
3914
6037
13300
4500
6495
13028
7724
6000
13766
5523
3749
429
9355
14260
10974
2323
2808
10869
14841
2618
489
1803
11504
4758
14378
10965
5557
10353
8333
9873
410
5484
1419
3451
13671
70
10117
13987
9008
650
2746
2105
6089
13143
7771
7070
5733
4030
1038
3179
11467
192
14307
13401
1142
2206
5002
12011
1759
14608
4941
12044
1766
8401
4111
4760
12716
1137
12571
12374
11500
5384
11351
14643
14458
13202
868
8773
12342
7537
6279
12036
7641
6220
9263
7409
13824
4737
10672
12559
11368
1369
13320
10895
9672
9418
9519
7707
12281
11210
3238
9498
929
3596
5618
6368
308
10701
3682
7689
2729
9528
10504
14605
2408
2493
2829
6536
5269
14293
4082
7136
14302
13076
10319
3559
1156
7619
13264
5232
11374
6370
12006
5617
4887
14084
7457
12664
11275
6524
11427
321
8109
2420
11699
9494
536
2489
13100
462
1053
7182
10563
497
3348
6601
5394
3202
12437
2182
4678
638
7522
750
14513
13548
13789
14073
10567
936
14992
590
10729
11901
14169
11542
2380
738
10295
6448
2047
2501
3715
2935
3039
7280
9850
9908
11337
10071
14145
1267
7780
12630
7230
13520
11479
2709
11014
7099
5257
14098
10651
8903
6420
14085
4544
8700
7240
6844
4652
13916
3980
8448
12282
25
9303
9397
1890
13280
11179
11760
10674
6797
2452
6241
3904
11476
1640
5548
9597
1828
9729
6675
5097
6880
7733
8260
14594
6567
12747
656
14616
14106
11452
5752
6718
8186
9615
7504
14059
147
12900
7951
4815
2109
5795
13250
2404
4621
3142
6280
9716
2856
13996
14074
10035
3076
9988
7983
2356
1333
12332
3415
1657
7699
699
13910
14838
8091
11299
11496
10455
1667
1004
12137
13268
8279
3979
5731
13610
4634
1783
5857
1120
10115
13697
6699
19
9919
1581
1455
4353
13783
1745
12697
2861
10996
13193
549
5118
11934
14390
2071
9694
6506
14648
13357
14822
2753
13219
6999
683
12147
4192
13787
4447
13080
10060
14999
12089
12067
6349
14990
9478
14433
8859
3117
1953
10638
12175
14636
12573
4699
6085
2661
9907
13774
13525
9772
8029
14161
835
2326
2757
10326
11478
13597
4368
3453
13345
4695
10102
9258
1354
8707
6083
1930
5290
7801
3961
10938
4938
4906
14954
7118
12223
8405
6539
3999
10318
13809
9273
4563
3091
5675
11938
5849
436
2568
7679
5393
8127
4708
1542
3515
11494
3770
11437
4178
11571
2251
954
6697
6721
1233
11220
11882
5840
5363
9143
12887
3376
9345
10835
1576
6137
5194
4809
10956
10149
2687
13366
14920
3356
9058
12866
4842
2136
9368
1727
10760
7601
8537
7840
1818
6315
7480
10972
3069
5280
6381
564
13872
1125
13271
7383
11652
11415
6428
146
10580
1566
6367
10148
1995
10708
9692
9477
7396
7214
2580
9539
10337
5600
10644
7940
10027
7134
8464
4534
5340
1200
291
11977
3123
13190
11072
130
10034
6379
1035
2303
7711
7884
11413
10022
1591
9293
13991
2911
1206
13532
12831
4052
10351
8084
5690
2447
7419
2898
3724
326
8411
12949
6897
5730
8020
2050
860
7914
6895
3971
5026
6928
7048
12000
12435
8843
7108
14382
7948
11239
11165
7794
9588
4120
1726
6482
77
11520
4871
687
6952
10817
13358
2460
11593
5351
11058
571
3729
8014
11856
3294
13186
5843
9022
14453
9570
6295
9985
8718
4971
4407
11292
5326
11898
3423
4231
13061
3190
4581
6455
8765
2478
9219
8442
3201
9780
12201
5945
11791
7955
6146
5928
9436
8565
12131
7425
4948
7357
5057
4987
4404
5249
4593
2536
3783
5084
5790
10831
463
11109
3866
14275
9013
7113
5395
10028
10784
13422
5124
3910
10780
5227
11756
4219
422
11643
13544
5349
5997
6433
825
1132
5193
8969
7437
2395
3780
4709
941
3067
4881
670
11599
4764
6884
616
2410
3071
13418
1802
925
6659
12904
11398
13144
7688
2273
3814
8881
9298
9247
4723
12199
12729
7776
6054
1051
6666
5068
12643
14481
7575
13706
4455
8517
1895
1874
5282
13315
7573
11997
5411
8062
5956
13770
3764
816
220
9617
7466
8505
13676
8427
14919
10629
9242
7256
1013
5706
10940
7175
6650
11543
9099
2457
14332
6474
420
207
10549
14976
11546
14620
12505
13764
13042
1158
3150
5286
6161
13360
12961
11636
10803
9813
11501
620
970
14509
6592
3285
13723
7528
3535
10113
4731
10610
12867
879
3599
8999
4713
7692
672
11087
2806
4991
5525
3568
8321
2253
7562
12958
1753
9447
13116
9431
85
3108
12433
7208
12285
5163
12215
4256
10933
7340
11435
6748
5184
7836
12219
4271
12157
13995
13807
3580
2217
4674
10655
10634
5017
6938
10947
9111
4422
13139
778
4493
10942
10010
14488
12188
2443
10857
6606
2786
13450
4316
10207
6440
10494
4646
6681
7616
2837
7210
6426
7910
6974
5321
6662
14445
6831
7590
10338
9650
2429
14228
12275
1678
3274
12308
9637
5000
10577
8354
13113
8369
5694
2130
12719
8636
12357
6075
6410
10281
11506
14567
3810
5143
9001
6741
13818
11289
2370
11187
14235
5247
13001
3134
8513
10218
8622
14661
11225
8141
6347
12772
2134
12161
7495
4564
9627
4641
327
8727
13751
2131
11073
14042
7306
1555
5379
14431
4362
9557
10459
7987
13607
5466
10415
792
9949
239
2832
14708
10082
2115
11973
11110
5250
3204
11448
13571
7798
10627
13955
9911
12588
6184
3361
838
13696
13605
10205
4092
3717
3848
8145
1860
9917
13326
2328
1520
10543
6773
10365
13959
11864
2648
14340
11283
6051
9931
4722
3368
14490
13907
11717
1509
14856
12902
11982
852
10245
1334
9108
13175
12387
12989
13434
3686
5647
13203
5367
3855
11727
5261
9295
8199
2495
3127
11909
8449
2167
12189
5408
2694
3632
3422
926
5792
227
3666
6640
9009
12751
1170
14564
10945
1986
8410
12992
13032
7811
4457
920
10300
7876
2756
11272
11627
3428
1556
5076
3564
3598
1605
4653
11535
9433
11244
4115
3268
10123
13293
1623
5753
2254
2543
4763
13522
6317
14633
3809
9215
9386
4597
6384
4217
14184
13874
2509
10859
5144
1618
2505
3668
5893
7257
8735
3253
13768
13912
10018
3503
7860
5886
3229
6696
1698
11152
6811
6934
8933
2962
13891
1523
1880
5008
2281
7283
7931
1891
8641
6820
2695
8431
6062
2242
8563
483
8595
11284
9890
5239
1838
4273
12200
10269
13112
8208
1660
1910
1256
1146
65
2117
12447
4595
7359
10483
9698
405
9946
13806
10878
323
13048
2467
13562
7090
1130
13888
10160
2966
11651
9266
14702
13573
13451
10845
12
4752
383
5444
4045
9765
4097
1669
14523
3844
13106
9464
5209
11558
1987
11423
13121
2207
14753
12822
5221
3939
8248
1763
5254
14385
3331
3576
6031
12709
9610
3129
12685
4410
7561
12993
1787
13620
2355
10073
5982
12356
10127
10229
10616
10540
1288
14140
3711
2482
3554
3254
10934
109
4792
2559
1915
9169
12042
9987
1139
13322
12076
1263
3700
13854
13679
8226
3787
11076
7192
2286
11913
8704
3995
6342
13047
11611
5598
4639
5531
9238
3018
5100
4711
6858
1984
3730
11729
1911
14419
13881
11776
318
14372
8194
10517
13442
12267
6866
149
8708
6564
5430
3344
10913
11300
11873
287
8412
3310
14474
5010
360
7013
3232
1128
2430
4434
8736
9638
10901
10216
9584
5354
13008
545
2904
12171
1291
10736
8105
13810
11375
7873
4562
7913
3887
14141
2203
2592
6459
7507
12898
5023
11226
3137
8959
11824
574
12932
3828
8598
5718
12403
10120
10396
14510
8367
5094
4538
6809
4623
5431
1644
14350
11298
11941
11515
14723
4184
14751
8477
14947
4272
8581
6084
4929
5954
14484
9004
12848
2889
1970
8176
9837
9592
6875
7498
7988
767
12341
8361
1571
13870
2175
10935
1599
2290
5064
9836
9937
13316
3799
8271
13611
6790
5475
3440
11556
8097
6202
12694
4412
3306
11325
9336
11610
1307
11631
8816
1744
11166
14724
1629
3104
9994
6628
2674
3398
7068
189
14897
5434
5043
6283
2204
3895
9264
4429
9166
10559
11430
4966
12318
12917
8925
14797
11807
10320
12845
1062
1384
11178
4988
10399
14123
1779
9555
329
13289
430
7189
10671
3308
14914
6248
10844
10746
6611
2519
6942
9977
2637
8386
12058
6924
3313
9585
12183
4124
11937
3566
10818
1998
2052
9269
11255
566
1960
4275
1383
9312
456
10661
6595
14651
11468
10064
6819
1089
12646
4547
10017
10605
13752
5418
5599
7462
6416
10294
13739
7650
14525
13897
2158
12941
3464
14053
1974
12644
1076
9422
5460
10050
7989
13530
12415
9940
4347
1516
674
10408
9618
9733
3653
11589
4660
8835
283
12908
8044
1015
7100
5832
2237
12987
6082
5416
5535
9130
9600
8235
10807
14916
12578
1121
6964
3528
10464
11654
3624
5085
12968
1552
5590
1797
8296
12811
12510
11837
1495
12933
5642
8940
11808
3847
13164
7243
3097
3628
577
2324
2652
9158
8997
11686
11685
5446
626
3553
4101
12149
9132
985
3212
11031
13629
4738
14148
8142
10219
11399
11987
7477
7844
36
4780
4380
13945
6781
1353
7135
3728
3896
13998
8021
8340
3804
5727
5062
11693
9634
9760
2274
13948
12221
3297
344
6765
2026
14051
10607
5037
11408
5932
14717
249
6719
12707
3720
12622
917
4986
806
5687
4539
5856
14150
14800
14352
8978
935
1811
2331
9300
4513
1278
9508
2539
2762
14852
6216
11205
9125
5887
6846
11603
9437
6006
8375
6160
6479
4872
2584
1249
11677
900
1223
2691
11985
8162
337
5767
7029
4393
4304
1557
10263
3420
3530
2336
7270
2310
10451
14029
164
4023
4022
7295
5858
3351
13737
12446
7576
12522
8961
10941
297
5867
9502
9350
1637
12368
4910
4772
10173
9439
2894
5833
2127
9642
13669
3825
7081
11429
6894
1717
3188
10286
12040
412
13683
4193
14804
1976
7443
1124
140
4285
6175
1098
11055
4228
10259
12172
4473
2232
328
6017
13385
2799
10720
1671
13265
11477
7369
1762
5724
12406
3725
62
14380
5948
3747
7594
2187
4392
8273
5574
14033
12438
270
7552
11371
9885
11010
5283
613
13857
11888
11113
14172
12705
12012
14164
12459
8382
6032
7815
12806
8278
421
7821
6438
2620
8845
6744
5748
8734
8366
10157
3873
12314
2949
4702
4251
2285
11796
6451
8050
14054
6134
14078
14743
3340
9889
11744
9217
13031
5042
1114
12741
11154
8692
14698
5991
8769
14230
10252
12154
2392
11694
262
8818
13291
702
3023
1865
13577
12263
12624
7793
1812
5228
7691
14262
11522
5273
4571
6832
11151
4963
14046
13277
1538
13908
9278
8603
10317
1060
14944
8384
5685
4359
6064
14037
8738
6849
13269
194
581
10521
9923
1742
9122
14739
8167
12320
11038
402
9541
3860
12290
1406
7021
8053
7360
10882
6533
9869
3314
10743
7279
8373
1467
1919
3009
7978
10921
1819
11975
10944
8949
3002
4980
12049
9388
14573
6291
10390
543
13981
10650
7011
5024
5438
1347
5059
4450
13718
12133
5078
13438
14552
14264
11697
7305
14439
9027
5135
3879
12547
7385
12449
7096
12631
7391
14830
14270
460
8791
4243
13979
11728
11570
6651
12517
3336
13491
7238
10434
10625
4528
1817
14166
11533
9957
6262
3800
7203
14214
3865
688
12213
7606
5877
883
12579
2125
14709
2233
10498
2049
384
14368
9750
13501
67
7145
506
183
9558
1378
9611
11919
11003
6212
13715
2037
13220
8539
8242
5284
3196
12078
6807
11871
8691
14147
6943
3412
12591
13833
2526
12442
8502
4060
4874
11712
8777
10303
14189
6517
1027
4253
6462
13953
14572
11601
11641
1011
1160
10839
3924
7241
2839
11449
3731
7934
6770
4560
11961
10851
12109
1212
1785
11598
1595
8130
7709
14095
7827
8958
4152
5229
1131
14677
8472
9792
7365
13555
12334
12988
14515
5657
11878
11810
13929
14139
2400
1386
7717
2817
4046
1081
12002
10911
12383
14524
10929
1041
12680
11801
11889
1621
9835
10217
493
6663
4305
11278
3954
3738
10088
305
7851
8004
7430
7400
5544
14522
12233
9124
7782
14611
3059
8924
5601
13618
12351
4461
1712
14399
13580
303
5620
4934
8580
4736
12492
12551
924
12583
7593
4717
11268
13126
14889
12241
7556
12083
11177
4398
2892
9554
4063
8027
9241
5113
12734
1873
6138
5265
6100
2617
8610
504
3953
8331
6621
906
8654
2626
14369
4328
5389
5159
11840
664
6258
5139
2020
9301
5716
14600
3615
7456
11931
12506
1252
4791
13851
12321
10378
14836
9047
5453
2828
14043
7513
8748
10613
6686
534
13065
14364
9331
11171
4658
6617
3045
5824
12728
12947
1647
6277
10872
6510
5760
11009
4517
5407
11951
2791
9040
1245
142
2928
1044
5337
9851
2636
10796
11914
2945
1501
12794
2522
4301
12256
14576
10012
647
7897
2246
7422
7549
438
11489
5682
10755
3583
11346
9299
7485
5333
2343
5063
14125
14155
2633
1863
3709
1165
10131
13946
176
580
3437
5263
8133
9563
3216
11170
6358
171
5697
710
2076
14827
12385
135
12832
3164
11465
7084
747
4077
14282
11809
14344
14311
7546
12650
4703
9287
10643
13839
7833
11243
12257
6512
5353
7732
11921
11250
9727
6759
10586
13517
4773
107
11584
2612
895
7903
5
2594
5749
12399
9972
7839
4908
9915
14081
9326
5188
14196
1565
5919
7721
8281
13820
6387
5136
10754
11340
5034
1786
7720
1100
7834
2124
3960
6431
6463
13279
13257
3359
11212
8731
2245
2913
12645
8363
8074
3606
12907
2954
27
9529
14261
728
4432
749
4093
14107
7672
10747
10146
1094
11032
1474
10675
5729
1708
7788
4554
12248
5988
8955
7026
1627
13070
621
10928
8338
881
3723
9252
13628
8732
13612
9614
5924
1064
7187
12260
2827
8980
14792
9790
8639
12577
475
2346
2676
7928
10479
4100
11999
3692
9678
14948
12787
1962
567
13626
1791
11046
6779
3784
1586
8119
8329
3826
353
1697
455
10999
9484
10514
4203
2264
8588
13489
2927
12190
10029
8562
2779
1399
2727
603
11001
11646
12549
6714
12531
3681
13063
9392
6091
2934
12467
14071
9645
8705
11400
14118
12158
7285
7658
6837
10537
5951
3520
4907
14328
6380
2943
1107
1902
5603
7132
14391
2804
6193
10856
6806
3867
3546
1949
14358
10278
14892
2565
6761
14339
12335
12536
2960
12756
14618
3145
13923
14879
13506
14503
5667
3813
8143
9308
9415
7242
11696
11743
2919
250
10427
8435
1722
9378
7401
3383
4137
1016
5300
8376
1239
11115
977
5564
2991
12279
6647
10709
13657
10083
11067
12495
11310
3262
9194
729
2706
11648
8414
5251
7893
8948
6063
5330
10993
8125
13560
13763
6631
11362
963
844
12503
5270
13592
233
13399
1847
13117
3087
14006
6904
5681
742
14793
13714
12843
2630
13966
5079
4637
2950
13177
8129
2000
11946
6293
4204
9643
6947
13248
11846
13475
8460
2075
8291
14749
8197
10277
14349
5772
12892
12152
6603
514
13159
1518
10296
12662
9414
3907
13459
5243
1190
5481
13301
4421
13377
4150
3691
13871
8355
11182
3835
3949
1872
2697
4670
14638
10979
12846
1066
8032
8239
4804
12333
2551
6778
12890
6842
8631
1553
8095
3401
3168
8324
2946
11537
2745
9448
4354
586
10224
2548
14907
7488
5060
4040
9432
7320
10656
13153
12262
9334
4995
7722
7890
265
13347
10752
9756
9544
4506
14765
9966
8873
3587
3130
14849
11039
3330
8357
2354
12284
13397
6909
9357
11066
1185
9786
5147
5876
12999
1602
13661
10043
9109
6185
9282
3199
2214
11663
2585
6852
8962
12504
3512
7662
1198
7309
8228
10452
9200
3426
5014
11511
11572
12066
2455
143
11135
5343
3277
2931
3928
9454
3032
1464
14120
9467
12232
14764
8832
6190
3884
11958
6527
11979
13668
5902
5662
13206
2284
10571
8400
10346
14673
689
14780
12882
3114
8973
5775
12231
14714
1417
5507
11565
1315
1582
3739
201
117
5487
14483
157
2216
10177
1689
14462
14162
14806
5779
5242
10445
2252
916
3981
3143
12381
4879
5875
1014
7065
1335
13634
12922
1805
8834
12469
5898
2985
8347
13708
12676
10822
13581
14998
9745
1645
9091
13069
13725
901
3665
1149
7284
9398
931
7008
12856
6645
13894
314
13866
4696
2588
13852
1261
9053
9782
1199
10558
6919
10551
14965
10717
14132
5745
10576
8351
6065
13239
11865
4435
8185
8680
12513
8547
5414
12960
198
11274
8807
12869
6878
13474
10130
555
10712
10334
12408
4602
13701
12222
14807
1123
11867
13999
13720
5593
12112
2906
5216
4905
2793
1428
13303
12971
8932
1768
7961
11771
1905
11111
4922
10745
5890
12693
11607
7746
8380
3779
3886
1211
501
5176
11773
4793
9759
2137
1694
2338
4490
12300
782
14672
14941
14348
5156
10171
950
6354
1770
2492
2431
8626
3832
5112
1235
99
12903
14734
3956
11481
6255
4325
7850
5703
7515
2496
4596
1544
5065
5860
5766
10495
1961
14862
8301
3820
6715
3649
6325
11866
9374
3119
2269
10893
10297
11262
1634
5891
9402
12436
12525
1458
13077
12986
13415
1699
2666
6298
6132
9993
932
3021
5366
13717
12234
9768
12544
122
659
10879
7301
14790
2896
1668
10953
8269
5777
6522
11568
4103
3402
14845
484
5518
9035
392
12953
2902
3043
7596
12574
3710
5171
9274
362
7448
5739
2744
10734
12210
1342
11433
2277
2263
7152
8112
8808
2257
10099
10214
2532
6329
8883
5138
131
11162
6961
7444
4427
4599
12100
5205
3286
7744
3052
2165
13054
13862
1829
3346
150
9324
14409
12280
11447
13406
10902
9409
1197
14292
14441
12750
1909
5192
10762
12220
6625
6192
8434
10823
841
8293
5769
7698
1835
3469
7878
1308
1739
6689
5610
4870
5181
1366
12567
10421
808
6840
14664
7041
102
9162
772
14546
1702
9470
8394
10923
2244
11989
887
11022
14542
7569
9186
14559
3094
9548
12024
10350
3574
9625
11499
8098
469
14713
849
8656
4158
12295
584
5382
1619
8877
11464
1964
6052
5561
511
3155
3183
13812
9847
11133
3482
5162
1072
1871
8443
8023
696
10197
5436
6335
8512
371
9231
733
2545
10578
13245
1992
14201
1641
1112
7598
7748
5158
10907
2776
6762
1321
9867
12185
351
4629
11277
10094
3970
6139
13552
6005
6242
2607
13295
9237
7516
4655
10268
2654
4785
13964
9868
128
7818
6397
12444
13436
9731
3405
1119
2065
10291
11529
5589
956
8821
441
2011
7806
9029
6633
11259
3680
1882
3221
6921
787
2411
5328
1799
12868
12765
14731
5196
11605
5584
5101
874
2507
12018
10714
9506
9371
8484
4704
9268
8413
5105
4448
2472
11071
11580
8687
13681
13437
12509
1898
13684
4862
11649
11917
3328
4445
11664
1955
10570
8952
5402
6513
4545
6976
4857
3889
8783
12027
2965
10322
4375
2887
126
11044
9948
12727
13863
375
5692
14586
9651
13296
4349
8146
2287
14857
8304
1425
10210
1410
14225
2788
2693
4201
395
7174
1606
9394
4367
1651
9712
11094
11507
12738
32
5503
6227
3951
1438
1319
10853
732
10748
4654
6284
3307
2508
9747
9730
12375
12352
10450
3627
7787
1151
11912
10407
11933
3737
4861
12530
388
2060
4841
2994
113
14652
4039
4589
6688
10227
12030
3157
9469
9877
6374
12884
7195
4601
7579
6983
10125
8574
12684
3696
480
13373
13662
6066
7764
2964
6008
13614
3044
4756
6321
1171
2153
801
14402
8485
14588
6077
13231
6405
8121
4001
5131
3989
1284
1756
2982
5527
9647
4376
10916
8253
1352
7523
11915
1466
2078
1394
9416
5258
119
923
2647
5815
11065
7342
14285
13773
1980
4568
5049
8793
11516
9080
12726
6048
1281
4933
13617
10478
4576
14103
7686
13142
1274
320
13686
10266
1666
9480
7892
2852
1513
13379
5977
14548
3265
8277
3511
2720
162
12496
10188
4139
10858
9078
3349
2058
4916
7508
14693
529
14940
1028
2183
222
539
2780
1826
3496
6829
13165
13021
5676
12165
76
3289
2707
736
11713
7095
10572
4677
517
7427
4666
10359
12667
3015
3582
5556
9257
14296
11518
6745
14183
9244
12140
3357
8008
10679
11656
10696
8991
775
11098
217
9818
6026
10292
2077
12990
3699
10089
7858
6812
8852
6209
2995
2681
8586
10006
2787
2417
14805
8140
6573
13097
771
5907
12413
8723
3305
2525
6992
14669
4993
4162
1240
11739
4624
2639
5424
224
12229
3460
10004
6795
9260
3235
14413
14401
7595
3278
13877
3484
3239
13985
5070
12640
9735
1078
9031
4592
1943
14978
9879
12023
3695
11488
9391
115
3648
12354
10433
7114
3742
9195
9005
8061
2953
9455
8200
8009
14783
1459
10678
6281
1214
2152
10502
257
1449
1517
10054
5597
9330
12970
13730
9862
724
13549
6499
4614
1226
13349
3522
6594
7341
2702
8463
10404
2448
13371
9934
14653
8072
6238
2696
7862
1454
12977
10782
11653
50
4888
4106
3578
13498
6490
12926
10527
11025
9261
2516
13615
6791
13147
5387
7817
13286
6224
9680
3622
5882
14163
2468
12572
1280
6226
5502
10002
4108
752
1926
3909
12639
8967
9216
11710
2629
3292
8624
2879
12763
7028
14263
13254
7420
13091
3562
4984
13654
14192
9270
10
14562
14890
8544
6612
5058
14040
14115
4118
7467
7339
129
5659
2090
10840
1923
2601
10876
8726
2814
4068
6303
14058
5738
4119
11902
474
7693
4011
14603
12896
8838
7887
71
11316
5572
5125
8349
1806
3005
4215
2774
8784
1844
6465
5033
11673
10620
14535
12169
2755
8699
14277
12192
6435
9603
9715
10270
5383
11954
5612
3156
1701
14055
1841
14049
4882
4091
3874
11669
5137
8535
11463
10574
7423
3714
7434
1972
10031
6623
4957
13526
4955
5132
5904
13081
2241
7344
12897
5090
11455
7429
3218
13880
8055
13883
9860
14847
3008
6259
477
3
14991
7387
96