11
192
21
140
74
154
144
136
2
43
70
137
165
128
75
148
188
61
26
93
34
107
108
37
44
80
84
29
66
151
163
88
42
132
5
143
12
123
60
30
135
23
191
168
73
17
10
52
187
14
178
156
181
182
76
35
9
40
110
152
179
199
7
125
115
122
186
195
119
141
145
160
197
78
31
77
57
150
46
18
25
1
117
82
194
67
164
62
111
8
171
106
39
166
15
28
170
99
120
121
48
81
104
131
169
50
101
172
79
32
53
173
22
127
98
33
133
177
90
38
63
36
72
0
87
41
109
130
56
118
159
65
126
114
94
184
175
58
49
51
112
59
95
86
6
142
97
13
153
103
69
158
146
193
134
55
100
157
45
92
149
16
161
47
20
89
180
116
138
102
19
185
85
147
174
3
27
4
139
190
24
54
96
167
71
124
113
68
64
83
198
129
105
183
189
91
176
196
162
155