397
-891
-321
586
184
-911
-264
204
-258
-337
844
-299
-504
-169
-991
-129
-602
976
-781
-82
-640
274
-481
203
389
-200
19
-382
-426
-725
-897
125
-41
800
-51
888
-629
888
-450
-855
475
529
934
192
425
-265
880
424
36
-187
-960
-496
-75
-619
-995
322
892
414
283
896
539
36
684
-919
840
-650
598
-264
914
152
-664
985
-957
-992
822
-511
-245
485
424
-447
-862
-771
-24
210
474
640
602
825
300
-932
-963
268
479
246
968
-985
-17
610
-329
-652
-3
-562
863
37
450
130
-24
455
-495
-90
-635
-52
720
536
-278
-628
-50
-698
254
177
-852
739
783
-329
-87
332
96
777
-921
-227
-396
-149
-946
-791
637
-15
30
-433
630
337
-410
-3
-905
680
571
-591
-194
-532
-502
-451
873
-98
-855
134
285
-84
789
144
-147
-588
-671
-406
-641
591
895
-293
-219
659
-93
818
-492
255
735
710
562
356
-455
711
388
912
888
868
-956
-249
-370
457
-233
445
646
321
-110
20
701
420
-127
855
555
-904
-8
-234