8000 random integers

7021
5957
593
5020
3045
4556
4770
3012
4256
3710
6870
1816
6027
2168
7325
2472
4545
7820
7947
2155
2295
4891
7737
6139
6711
3784
1409
1536
4407
5464
2532
6616
2920
6851
7635
4736
5352
3925
969
5338
6589
7562
5822
931
7333
6753
2945
2727
1056
7993
7634
5406
3227
2107
668
4377
7958
5434
5487
5770
109
4060
14
1799
6142
3668
5145
2036
3820
1871
4225
3663
5759
6940
995
2195
1849
3003
3327
4766
1567
1432
5752
5363
6837
1804
2802
1824
3762
163
2087
1436
1299
6247
86
1843
7943
1263
6437
954
4282
6610
1927
597
6345
6913
5580
6383
3206
234
6311
1104
7827
1788
5112
6306
6570
5332
485
2332
4290
987
4039
4286
3559
891
3404
2225
7641
7774
1229
3986
4208
2030
4926
4017
1630
6332
1207
983
5318
5370
2811
1803
5430
3677
7803
3367
6379
1462
6352
5339
6639
6699
973
7467
609
2177
7363
7381
1624
5739
4531
3050
5525
635
5592
7987
3502
4822
7519
2093
2938
3169
986
7100
649
3652
3026
7622
1330
6135
1708
7187
955
7172
4223
2658
744
5293
7581
5329
5425
2073
5248
7951
3485
7361
6939
6529
2516
2158
3103
5952
94
4263
3105
2286
4400
7104
2849
6889
7549
2270
1050
6305
3407
3168
4876
2942
5797
7227
2730
2334
5649
3819
6066
7026
1750
4444
3740
7263
5217
5405
1248
1374
1969
5745
483
1339
5514
5901
5179
429
4045
5693
5814
3254
6816
2564
7952
3636
1163
4138
2320
6450
1045
7658
375
2211
3347
1385
3394
2601
72
6090
2312
5066
3173
2978
3801
4277
614
6687
4341
1028
5012
4288
7177
3990
1995
2003
1109
3213
4221
10
5486
1234
866
1313
2023
2813
7127
7739
7085
5269
7215
2360
672
2343
2972
4911
5665
2654
7323
4245
2504
6586
5027
2353
1237
5853
4139
4123
3100
4502
7480
6317
6676
1118
4157
4365
4834
3471
3695
2737
2890
2600
4754
4462
3234
7295
3653
5588
480
6356
2855
5564
4031
6439
5274
2181
6952
880
567
7826
1133
5326
3511
2163
3363
5366
7205
420
5616
7343
7202
4224
7418
5740
6798
3689
4539
4997
1309
3674
6811
7855
7146
2754
152
2392
2701
4819
4467
3476
5809
5795
142
1131
2322
6380
2264
2140
2571
1504
7876
6990
5333
966
7217
2239
7575
3688
2145
386
5868
5677
491
1596
1876
278
5971
2495
4995
728
6022
7372
2800
7170
1891
516
2828
4771
6182
1333
1458
1307
3386
4621
7705
5913
7171
568
2939
3486
6425
4620
3226
800
1776
2191
7991
4767
2745
5256
1140
7426
2544
2692
6227
5516
1328
3412
1882
2941
2507
3231
7211
570
4050
1599
1550
6912
4532
2468
7732
4968
2764
5401
1762
857
6402
5029
1822
1897
312
6722
3584
4533
5052
2283
3533
7880
7264
7367
3565
2095
4847
3508
6116
2525
6682
6707
5574
2123
5570
5835
5030
3645
382
3117
4450
2844
2049
116
1775
2899
6328
4710
4264
7468
6115
4569
5600
5528
2664
120
275
3626
2026
7518
6886
855
4154
2135
6830
2820
4325
4500
3991
1223
2715
3617
2376
6572
1452
330
2933
1401
3465
2762
5586
7358
4465
2383
4946
814
6091
3635
83
2711
2675
4054
949
3443
7379
4401
4757
3847
1347
2956
3697
4081
523
3027
2922
6719
3520
4461
2342
1761
5069
7805
2288
4419
5850
3046
7594
6312
7992
6170
6225
1343
2682
7435
230
4015
1024
6204
1100
2853
5681
3143
812
2621
3279
2821
4605
2876
3013
4111
5935
3921
5678
5094
7797
7927
2362
308
3649
3462
7983
2645
4866
5459
7303
474
2630
682
2062
6249
1191
4984
4331
1828
5705
938
3602
1417
6256
6199
6349
5796
5951
4817
2187
1847
1020
7033
2880
4815
3182
1218
3036
1127
1130
2618
5909
2448
4974
3552
2988
7702
5176
7140
7370
7113
4855
6563
7255
6190
3960
5947
3091
5765
7384
1241
402
968
3884
5767
6747
3789
144
4488
4346
7130
3522
6206
3938
436
7015
1373
575
2518
740
3889
1672
3283
5493
2548
5383
2134
1390
4979
126
4511
2573
2916
238
5193
5070
6140
7446
4443
868
6505
4254
5921
5652
7154
1713
1323
1892
4072
5777
4313
779
1197
5297
1844
1507
2512
1213
6099
7611
2781
5988
6709
4065
6986
580
396
6093
267
284
6993
5060
6408
1748
3068
6156
6778
4838
4404
7833
2524
7968
3727
3266
101
51
517
6727
1621
1073
4988
3387
6955
3588
7892
5138
3845
191
5692
2788
6855
2721
7073
3497
5618
6792
3954
4941
2612
4552
1993
5744
791
6007
3405
1270
2503
3608
1578
5091
2250
3687
7491
4092
3109
1676
1724
5372
3288
6422
7920
3732
4343
5632
5021
7284
336
7158
7003
5191
1648
7869
3000
6196
6467
6630
3935
1395
277
2100
2509
7052
3403
5653
550
2595
975
3894
7199
2694
1090
4594
767
499
1561
3475
7326
4149
592
6401
6302
518
5428
6410
7903
6831
5015
6121
5639
4882
4244
4970
6340
7029
4655
7689
3472
6782
3579
5893
678
6033
6048
4953
959
3616
4164
6400
4424
1960
7156
3268
7091
4986
5242
4226
600
2226
470
2210
3427
1173
475
1835
2310
4421
6615
6035
2553
4940
4137
161
7861
4214
377
3019
7108
7058
6258
7318
4083
6972
2167
3349
3685
7034
3720
6774
7398
5328
1848
1625
4024
5700
1372
7521
4650
1269
1789
135
6403
3941
6412
1965
5307
1082
2816
7174
2626
2179
7953
3067
2840
6179
1609
5995
2020
2170
2137
7890
6876
362
1528
3151
5080
6689
752
1917
7883
1526
190
3284
6246
3446
7988
7871
2672
2424
7754
3119
5131
7305
3406
6688
2807
7799
4572
6498
4078
7214
7454
3391
4375
96
3576
5963
4727
7960
1042
5713
4179
7203
4354
7105
707
7885
7470
1544
3434
879
5413
825
3908
4726
6740
7589
3444
4805
3556
5125
2218
3221
258
5577
2902
383
1069
7950
6531
6834
2428
742
7749
6059
4626
5371
1332
2931
1659
5310
3771
7413
3826
7898
28
7831
3339
2895
5116
31
7270
940
2433
6917
7559
4703
5568
6693
6860
4200
5409
7074
6750
3261
1411
6086
1083
7709
4351
768
7945
2666
4190
7730
7268
1096
4990
102
1379
5899
6117
459
4280
2249
4978
105
1948
3603
1827
3286
354
2836
6278
1557
2232
4596
6579
4803
2780
3161
7159
4428
1003
3115
6188
7332
2321
5626
7973
3721
6598
1150
915
4806
1421
434
5361
4475
1036
6433
5736
1689
4898
1989
6914
1743
3096
2733
2963
1781
5064
6713
3212
2587
5356
2925
1040
1322
7233
5608
7396
6518
1823
1961
5976
7738
6105
3650
6885
3190
7815
4506
7345
573
5403
4534
1063
557
310
7977
1999
1918
5816
7532
5393
3681
1757
1721
3454
7539
6181
6965
6848
2794
5454
4026
1066
7155
4406
896
2891
7045
7617
6186
7228
619
3803
2150
1444
1351
3945
7027
271
1814
7043
2429
6202
6080
3439
1738
1185
1680
657
3238
1093
3670
4283
7484
7520
3321
679
7607
100
7235
2588
3030
5286
6264
257
4148
3580
3712
7431
2274
5075
6343
6705
4788
3058
7429
2096
1582
3118
6961
998
1205
331
7122
4439
7407
3992
4985
6214
6568
3014
7208
953
403
1412
3943
244
838
2669
4560
3999
3311
4972
7647
5979
7888
5275
963
913
3714
87
3061
1457
6172
6692
3507
3124
1134
2650
4764
1769
5782
1170
1080
62
5039
5436
796
6850
6353
2865
3783
2961
629
1594
939
7674
2450
6647
4987
5742
4028
2420
6025
6668
5232
1674
6143
3907
2976
7353
2335
1805
4219
5442
5102
4640
3365
432
5864
3456
4452
3881
303
2344
5469
7998
3192
3666
7930
5981
2397
93
1886
1046
1289
3517
7540
4652
1937
3102
967
5331
3092
6072
5433
6919
2039
388
2547
564
3364
5958
6391
7812
6230
262
2325
1566
5431
7028
6270
2837
595
6372
305
1053
2240
2741
5926
3409
1515
2235
235
7791
4474
5247
3175
7393
4417
6032
1693
4779
7781
6873
2304
6023
7197
775
1619
6448
1710
3969
685
3128
4914
5531
1512
6029
1590
4470
2699
7755
4678
5098
2048
2058
2083
6378
3905
26
673
2485
1880
1492
4919
6215
4242
7873
1752
3869
7348
34
3593
348
5076
4889
3637
3294
7681
5914
5085
4237
6704
4762
21
3927
2861
345
3453
3104
3156
4925
1600
3609
448
674
5358
1400
7796
2047
4943
5965
2568
2685
4758
2708
844
758
3619
4849
6554
5805
6235
681
7242
5476
6785
1019
7366
1875
6232
3870
7544
697
6930
1975
7736
6124
7661
6888
2625
3950
1664
7637
893
2723
6761
4977
5875
2082
1169
4792
3519
5552
2841
1858
4862
180
4588
6065
6339
98
641
7259
4207
5284
540
5229
7970
7022
461
945
647
1770
2209
1495
1049
7047
5813
5579
4069
335
2001
1569
5612
4820
6471
7636
5490
2686
4812
6627
3648
306
1929
7238
1861
3223
1277
3864
5597
5873
6521
1690
5642
1958
6430
4637
7598
1317
5311
288
722
4646
3647
3350
4707
124
2852
5198
4326
772
2983
3760
302
7851
5302
1001
4913
766
3420
6625
1293
6483
1983
4161
7605
7374
3211
1673
675
4403
6640
4870
7285
4350
5048
4554
1623
1041
3385
6187
4681
3035
6672
3811
6569
200
3250
7573
5674
1505
6838
5810
8
2795
5032
1558
5367
1527
1039
3526
2227
5942
6604
6978
7134
5750
5866
4976
7606
3755
5801
5111
3516
6966
2713
4309
6271
2203
154
3501
4982
419
6658
341
577
5640
2462
3966
6509
7822
1951
69
2076
6017
5894
5863
6487
2089
450
7095
2562
5483
6971
1990
3317
4850
2152
4228
988
4567
7402
1016
3595
6084
5117
3867
789
5190
7949
4057
3276
533
5262
1608
799
7112
5081
4440
4699
7990
2609
4696
5858
1476
7531
1883
1872
5598
3946
186
225
4453
6612
5647
2705
6382
6902
49
3478
2007
1221
3521
4555
5784
4
6953
3988
5905
2494
3056
5977
5830
6167
7962
77
489
7710
512
1319
4920
5543
909
3009
3269
358
6545
6975
4478
2071
3658
5379
5772
2717
4791
7717
2337
3260
6903
4246
2382
7510
453
7558
6420
7013
5011
3218
581
3488
472
3070
7135
1393
2951
733
5492
1602
4027
7317
4512
726
1767
6418
7619
1167
7665
2689
4801
4141
6399
3787
4215
3230
6298
5230
4690
3200
5702
6234
810
4294
7360
6460
270
7613
3569
2875
4698
7053
630
6173
4297
553
2706
6394
1845
3513
7848
6307
2594
4437
7659
2541
816
3258
3641
1704
39
2555
6801
537
6805
6276
3926
5460
7371
5983
7853
4029
5605
7441
3744
2673
4505
4278
751
1306
3978
32
6948
1771
5906
1755
2066
6473
7314
1129
555
1850
3090
4686
1860
5299
2545
513
5225
3684
4000
7967
4192
2037
7908
4335
7445
923
1686
6145
1629
1736
3229
5604
5828
4915
3160
7048
6494
4973
7557
365
4153
3158
5989
4574
3277
6155
7546
1754
877
4672
7723
4020
6347
717
1121
2957
5533
2141
1953
3518
1300
3504
4921
4780
5046
6897
3638
819
7057
7536
6064
6681
2482
7241
5051
7901
6376
4546
246
1469
2242
5092
7488
7329
4836
1085
4320
2510
4544
7733
605
882
4145
7107
7443
2328
651
4580
3661
7032
5412
1426
6387
2491
5826
421
558
5168
5295
4894
7809
4635
7114
4292
5823
2364
6132
4638
1616
2559
4740
4896
2357
3451
5443
5219
3618
5625
5567
4231
5056
851
2619
7440
6840
1431
1547
4471
6788
416
6480
3344
2819
2449
2019
2982
7596
3495
7528
6775
2350
7972
3196
6474
7837
4041
3854
7969
7415
4835
5000
524
2712
3962
3686
5099
6041
4239
5521
1
3326
7162
2646
7225
5726
6419
7247
7000
5449
6553
6946
2912
3447
7768
4965
2824
3087
6648
4447
4222
4152
2378
7762
2752
4037
2854
5725
3587
2586
1160
4659
2443
2101
5708
2010
1031
5512
1061
6706
3952
4243
471
4793
5448
2529
3191
7995
7642
7847
4540
829
6137
332
4871
292
7740
2604
1075
7811
5424
4613
4117
6236
2551
3944
4867
1420
2894
5932
5177
6698
7207
2882
5624
3915
6350
743
1198
2505
5304
3891
6576
3940
2574
7499
4947
5501
357
5028
2201
7125
1388
490
7727
1156
3918
3948
1925
756
4253
5617
6764
5246
770
4033
7638
1894
2644
745
1612
6216
7526
2278
137
6845
4498
426
1154
6252
4691
3857
4633
2501
7272
5956
5082
7395
7014
5933
1900
6434
710
7804
3583
3153
1899
1389
5780
3225
3816
7271
5667
6787
6006
1192
3159
7110
6603
2144
2927
5673
7312
2166
4714
2399
1472
2466
813
5609
2317
1486
6696
139
5053
4095
5670
7368
2251
6867
946
3314
5163
2832
4466
4193
933
1737
6322
6441
881
3682
1132
5203
7464
484
3285
3232
4392
5619
7785
2635
5934
5386
3340
3085
1405
5410
4612
5556
2064
5581
6503
3699
3667
1857
5161
787
110
5175
1832
801
6154
6127
4358
7342
165
7525
1158
2198
6651
7494
2434
4535
6078
2265
4379
6988
1763
1327
4455
4336
3116
7373
2898
5059
3774
4373
1745
738
1034
7679
3259
5885
4420
5582
141
1052
7656
3532
6780
640
1380
1103
2803
7882
589
3873
3615
6026
5557
3181
3460
1800
3748
6866
508
205
1201
2162
3138
7621
5208
2204
2127
1119
7696
4327
7747
7506
84
2112
5026
3933
5169
1924
37
4853
860
33
3291
1084
401
1884
6333
6934
237
7838
2696
1097
5455
797
6701
4566
1361
1011
1759
6717
5133
389
7632
6821
7490
6655
56
5155
5941
836
2165
1437
2992
5031
3651
1909
6165
7527
2864
6904
3575
5664
2308
1325
2874
1699
3719
6058
1449
5595
732
3698
4180
2109
1959
5197
477
3307
3979
454
2411
6406
35
1125
4695
2827
3188
3093
3011
7492
7436
4159
2070
6377
5071
2233
777
7296
5227
1870
2106
467
185
7055
3136
168
3436
6771
4861
1756
4513
1702
7808
422
3749
3384
7023
4156
5882
2967
664
343
5904
6677
7196
7392
2469
249
5786
2199
947
3329
6053
835
1564
6905
4843
1786
6193
4184
6081
886
4671
7580
4169
4349
7243
1782
687
1425
7924
4852
1210
7455
4492
6808
6929
4476
7037
4129
7364
544
1273
4386
405
6737
6857
7161
782
4438
4527
4150
218
3400
65
5377
5165
2977
1634
4519
7913
5049
1774
6710
3281
4257
4066
3591
4098
4734
2617
4737
7503
6849
1253
1642
3706
4631
1914
1334
3251
3300
4176
5282
7300
2156
4185
3620
2935
2676
6868
3564
826
4966
1459
3890
5733
2856
4413
1353
2115
1865
2952
3494
2702
4272
1588
1148
1272
2146
3101
670
1895
6613
6915
5631
684
5268
5685
12
776
4666
289
7652
4216
3395
3355
7093
1124
3788
6519
7439
313
1994
1226
2497
7352
2307
6772
5936
6557
6281
5382
5435
6238
5090
7891
1282
2059
1587
6826
3742
2477
4590
601
2515
465
3856
535
207
4518
1178
5928
6996
6011
7788
5834
4591
7223
3605
4772
7505
1934
5276
6992
5475
7064
4781
7077
5807
2483
4692
5351
7230
1551
1765
7782
5527
5840
3963
4321
7143
5666
7795
4458
1017
5095
6999
7763
5210
5303
198
3077
5896
6497
5127
103
3736
3240
2915
7292
3746
5120
6429
894
4642
2508
7654
3700
4627
5788
935
3484
2986
2142
4782
5172
224
2228
7008
5730
3310
1231
3224
162
2766
1250
7486
3032
4316
104
3629
1128
2374
1286
7780
360
689
7279
78
6879
3737
6564
774
2398
5847
7419
822
2435
3613
226
372
6466
5224
1945
1381
3498
1439
7905
5418
4521
5315
2365
2401
828
7963
5569
1719
4339
1947
1496
5769
7751
7083
23
5967
7522
492
5729
7517
1117
5578
3997
6326
5753
1222
5629
1518
5252
175
4680
6500
1111
4516
883
7507
2423
932
115
4337
7350
1546
6245
7297
7281
2633
7806
6488
2072
5
7369
216
6222
7142
1007
1120
7380
2253
74
6882
4186
3452
5704
4250
3114
1224
4234
2045
3029
2913
1326
1554
7496
6861
3546
5150
7582
4563
5104
7286
1964
1534
5457
3348
2513
6261
3563
5078
3743
2592
6726
7881
6223
5159
6853
1423
4096
5717
5357
4135
4634
3883
4018
5602
2622
7590
1190
2776
916
1441
7566
1783
6342
158
4252
2056
5466
4602
6103
5601
5599
6310
6301
5915
5833
1954
7687
7430
739
5961
6734
7213
6371
1021
3924
5423
1717
2427
3961
1199
3874
6881
1105
2051
4204
6192
5047
4814
4431
4303
1092
2985
6587
2934
3255
7035
295
5968
4496
7743
1186
4809
4165
644
5456
3204
6067
3723
5312
1370
4079
991
7959
6983
6551
7859
7553
36
4785
7982
1352
4783
4167
1701
4241
3184
1244
7039
6595
6856
6414
798
1490
1604
5389
3797
7288
7261
4494
5038
3205
2002
1592
4746
7124
6697
4844
6478
4963
2833
447
1470
279
6031
2489
4102
4615
5982
4541
3557
4794
6779
4930
4773
1968
3298
7062
5072
3589
2441
1911
7414
6024
5837
7311
6454
4807
3247
7136
6546
7555
604
2680
7609
6716
6180
5636
5846
1791
2955
4709
5553
4848
3985
2268
6555
4112
5628
7151
4016
5178
5285
2451
4359
1780
870
7667
591
1560
5395
5660
4019
3779
3610
1683
4517
731
6577
6209
3842
4080
5349
7438
1598
5353
1482
6485
1157
2613
4251
7974
2088
2848
155
2000
4056
7707
7040
6520
3140
215
1427
4011
1766
2839
4158
2655
6191
2684
2015
5074
1410
5160
2481
6112
625
6767
7608
7663
4459
4177
157
1267
3371
5877
587
5265
5758
6335
5497
5164
5044
3042
6323
6046
3581
5731
7044
2281
1013
3410
6166
2575
130
4775
3107
5539
7060
5709
7918
1196
5857
5887
3659
2779
6020
1930
4932
99
5611
6806
5663
5218
2542
11
2160
4142
6789
5827
7587
5620
1831
5679
4064
1371
6159
2616
7965
7899
2697
571
665
989
5440
6703
1165
5798
6138
7377
7397
6947
7954
6205
6269
3073
6809
2430
4416
2314
4868
4547
4361
2319
4837
7234
692
6893
3044
1408
324
7231
6213
2487
1855
1356
622
3534
4047
7750
6923
6405
2412
534
2108
823
4261
3680
4236
4760
7376
398
4405
4088
4717
5171
7349
3850
2326
3048
4961
6470
5589
6746
4831
6229
4049
5517
1032
3241
5793
1854
2657
3341
1149
6766
2659
1110
236
3028
71
3633
3600
1644
6114
7640
928
251
5259
2090
6921
7009
5337
7101
5380
4899
6355
2063
5319
1912
5519
2793
1445
5860
1777
1429
4451
3133
6045
5073
4338
2539
3853
2014
7844
3640
5322
563
703
2624
5529
1903
3293
4131
4279
7563
3378
4743
4441
214
5420
2847
127
6106
3336
6887
6810
346
4388
5931
5732
3217
3207
1790
617
6431
999
1806
6459
4980
3959
1933
2651
4687
1792
4664
209
871
3769
1067
2097
6508
41
1375
6491
4728
3807
5214
6742
4434
4353
1101
3725
637
3578
3590
5221
2188
4994
1922
5291
6148
208
1784
7584
7421
5506
228
7989
5948
3252
1115
4163
7604
2271
6334
1846
3570
5215
316
6496
6161
2044
4715
4551
7786
7699
1099
6592
6799
3747
2866
1725
5017
7845
1275
4217
5776
199
1706
1537
2269
5520
6101
7226
5271
2054
3438
6626
4999
2980
1398
7420
7841
4302
1010
5563
2681
2128
4220
2467
5157
7479
2147
2674
3657
6532
443
1481
3393
2984
7308
232
6833
7623
5396
4300
5288
7002
2151
5845
1514
311
3621
6791
4712
4162
320
4307
1057
4934
6911
2208
5706
5627
2345
4753
7964
3295
2761
7487
820
6600
5698
4143
5261
412
2052
4310
6357
594
5775
6728
4210
3398
2381
1232
1359
6910
7147
2131
1563
3599
3825
6128
2758
762
4305
3248
7760
5675
6739
1540
5097
2928
5878
1233
7748
2569
1656
1817
6926
2291
7253
3245
2336
4918
1365
2385
3145
4816
1074
3423
3131
3872
7758
5245
5607
1919
6559
1887
6285
7513
6783
7864
2994
3914
2103
2339
1188
1728
1962
5478
4324
6189
7574
1548
259
3422
7692
2287
6823
1059
4384
6501
1363
7201
2996
3831
1535
1943
371
2929
3692
323
1622
281
3458
7483
1669
7059
3491
1014
260
3099
4619
525
6047
424
1468
7334
2885
3055
5815
3524
6195
3900
201
183
3098
4023
5135
2391
6819
7164
7099
3505
4622
3558
2815
7182
4720
1006
4562
1585
350
7775
1668
6028
3075
6997
7724
6354
2276
6550
85
656
5429
3072
4314
6462
2013
4904
2380
4802
7409
5562
501
7931
1376
7258
2521
2219
6455
5773
1746
840
2921
7411
45
4116
554
7188
5515
3892
4319
1022
5417
107
7703
328
4382
123
1863
171
7761
2538
6385
3049
2214
7092
7218
2765
6226
3492
6884
3956
222
5879
642
1166
5621
6019
3059
588
3805
7860
4103
4685
7400
6507
3069
5680
7966
414
5944
6384
2772
1575
143
1350
1004
5364
5068
5273
57
7362
747
5025
4558
2926
3824
4449
4025
399
2812
3126
3758
7916
4390
7010
79
445
1516
6303
1511
3424
1508
6541
4576
430
6404
5002
6052
1906
291
7357
367
6424
3711
4887
3772
3162
6076
569
1235
711
3632
7461
6291
1747
6389
1216
2767
2801
1355
6941
7447
1266
7629
5714
2189
7306
1383
4125
6736
560
1171
821
7866
952
397
5867
7934
3739
847
5231
349
5228
5573
895
4863
1113
5662
2028
469
4955
548
6962
2964
7986
2858
1404
4524
4073
2698
529
5236
3862
2877
3765
2282
347
6375
173
3374
6374
1712
3076
5973
3208
498
6130
5970
547
3592
1243
6152
5298
3334
736
3
1349
4075
4839
1581
6373
6251
5240
910
4398
1506
3814
7389
941
4070
3267
660
3968
1108
3152
6558
1729
6880
1430
5189
3947
715
2917
4113
5415
7704
2531
7116
1620
2125
1571
6797
2349
5223
5872
1179
196
7160
7597
3531
2476
6280
1316
6144
3106
7262
6438
4199
4565
3249
6932
4003
1072
5063
4055
2632
1723
3305
4271
7846
2652
4425
2556
4395
1219
5825
1194
830
7319
3538
7626
2175
3449
2311
1460
1696
1285
6526
6715
3761
1920
3440
231
763
7277
3308
875
5042
5922
5014
6644
3782
6368
1261
3089
6308
2025
3594
3178
7007
1268
7817
3625
5250
5192
2252
1811
3553
3480
5829
4076
2749
3180
2178
3759
2566
6008
6802
6641
5446
1698
2615
1660
7051
2367
7293
1392
3965
3767
3614
4884
3366
1890
7877
7063
1852
75
6928
5637
5593
3154
4724
1635
3244
3273
3470
4730
4553
4160
4661
3425
7542
7307
1478
2299
3316
706
2719
2333
2969
3550
6427
4665
1000
4399
2354
1357
5735
2384
7523
5991
2511
4542
7980
3442
4032
7056
2825
4389
2055
559
1978
7850
6756
1654
3523
5715
138
2830
6240
974
4034
5137
4639
522
4247
3345
6039
5151
2958
2660
7316
3515
438
5140
1932
6097
2770
4708
1399
5365
2220
4657
7459
5300
285
2272
7078
7829
7567
2806
7388
5463
2695
6413
1677
4643
6525
6484
2340
4097
2953
4342
6755
6765
5696
3622
7278
6370
2102
2777
1287
6585
2808
6443
7097
2246
4360
5114
1281
897
7978
4520
7830
1264
6582
7712
6852
1760
6944
4813
7662
6160
2352
366
2631
6590
6998
2851
4408
5996
3353
6492
1716
2872
5622
730
4654
4660
2263
7452
3411
520
1522
4777
3785
6286
4583
6123
4356
319
4557
5088
4248
2445
5651
197
4628
5123
2341
2488
3165
149
842
2995
2960
6920
411
1577
4840
3970
6621
1584
213
3210
7646
7315
2907
2883
5397
536
7771
1038
2405
6244
4323
6329
1545
5093
4133
1552
2722
2838
4173
1043
167
6629
1467
4701
1284
3290
832
4604
240
6594
7458
4582
1183
6219
380
211
286
6461
6001
1151
2132
4585
2292
5761
4013
3683
1773
4823
378
7282
6248
7922
6650
4969
314
7183
2974
2104
6969
4203
3413
1684
6599
5510
1651
2530
2230
3753
3764
5148
1549
2157
729
2826
217
3474
1902
2390
58
4130
2823
6071
3624
1956
1810
6790
3704
4528
364
7683
4952
7405
252
1707
1885
4797
6894
1627
6447
4198
5644
1509
3957
4789
2114
4370
5511
6562
2289
3176
3373
2886
5690
2884
6634
7784
7938
2688
3597
7868
3887
7424
2756
4723
5267
5106
4818
4586
6847
6208
3701
7256
4371
2662
2136
1070
3141
1088
4751
254
1315
3773
6635
3866
1926
6313
1711
5737
3354
30
2558
4196
5009
4927
6643
6609
2614
5999
5505
5929
7179
1033
7729
4486
1058
1091
7849
655
5124
2475
6552
5180
4677
7825
695
1184
4592
1685
1487
4281
7925
7742
5079
1298
5671
1606
4888
7664
1206
4895
6673
7653
4381
5205
2474
2042
5966
2267
5683
6666
6013
4577
1665
602
5969
4983
7422
47
3676
7897
4396
7946
7465
1502
392
2791
4202
6862
2670
1646
2950
2080
2783
2186
4796
1499
4694
1667
5174
4998
5855
3665
754
6397
3586
734
5949
2729
3919
3929
2728
2726
4625
5960
7906
7412
1976
5953
2642
4362
7481
1247
4218
6118
7254
3973
3065
7752
4291
3123
6449
7289
3270
2653
3728
1098
888
5635
2207
2329
3483
1987
394
6282
7599
5305
652
4347
5022
55
488
3566
1787
596
1510
150
1301
3675
5711
4689
2496
4755
6030
3054
4128
7375
6685
7359
5105
1940
1662
2041
5987
3063
2870
6129
6608
7595
6435
841
2389
7236
1246
3775
546
3547
458
3604
363
859
1450
2817
7810
7401
5313
2422
5559
2747
6021
3537
5710
5614
1473
3932
7721
944
3770
2371
1180
473
7715
4880
5334
509
7087
7900
1262
4933
431
6221
2590
1454
2279
6164
3937
4048
6931
7875
2599
2465
1998
2683
6210
2126
2248
5741
265
1778
5272
514
5277
184
618
3052
322
5185
1245
2260
4508
621
315
6730
3545
2606
7878
3673
848
3654
3256
6669
7677
3777
2873
1758
3179
2129
6309
4330
321
5136
7734
7789
2285
5084
6800
902
985
7004
2582
4166
5832
4890
5820
6556
6927
2523
3015
4109
2757
6822
2735
960
3309
7529
2184
3306
4603
464
1655
16
1638
2743
7139
282
6388
1342
381
4956
2372
1626
2869
6637
1583
2133
3574
7700
3630
5917
2011
1055
1479
4959
5689
1018
7835
1139
7501
2159
3187
4510
1718
3127
3833
3466
6082
4191
5391
6293
7322
1859
5630
59
2607
957
4275
6578
6591
6479
2061
7772
6964
5451
6158
6113
497
1236
5610
4679
2911
5912
3858
7779
1228
5109
2520
1413
6108
202
3623
3313
5301
1048
5838
4489
1818
2999
6178
2215
3543
1255
1801
2236
7551
2552
6596
3754
2060
1182
3209
1991
1798
2720
2431
7005
6409
5546
7572
4480
5394
3776
4126
1829
4885
5036
6982
6760
1278
1538
4181
2634
2893
3981
990
5202
3219
6901
188
3893
5132
2032
3980
7347
6812
6601
5445
5848
852
5061
3643
1079
582
4446
3402
7618
6945
3837
2648
650
5294
1162
4523
1302
6243
7280
3715
169
2111
2948
7909
1249
2245
7911
5774
7200
572
3987
4445
7404
6588
4266
3282
7516
2404
247
7928
6163
6175
7212
950
3479
7583
7336
903
38
3585
3233
3377
3094
2579
5438
6631
4008
7354
7887
7210
5903
5591
7561
4293
1138
6073
7852
1027
2903
42
6581
7504
2396
2065
2234
1631
7403
153
1866
4268
7625
5548
6680
2678
921
3983
632
6528
1305
7442
43
6062
3514
6776
3703
7870
4787
5016
3899
1252
6925
7571
5479
4481
1881
6171
6974
4649
7735
6010
1062
5990
3417
3342
393
2190
7337
7767
809
1335
6561
2881
7824
1675
95
2387
843
2012
4499
1661
2458
2419
4735
1440
5477
3362
4304
1715
4195
5462
125
3432
2301
5785
4089
7075
293
7184
5139
2968
2359
3148
6211
4629
7942
6584
7186
6217
1259
919
1889
1135
3627
4104
2641
4503
160
3408
2731
7019
2834
5089
6004
3994
7152
1878
3607
355
1982
3539
5156
2185
6534
2900
283
3172
3001
2546
5940
4917
2904
6490
5170
1645
2459
6407
4608
7961
6051
4741
2224
7757
220
7067
7456
3567
2266
294
4230
5851
2724
7081
4669
5108
1145
5316
6828
6906
5661
1164
1087
2580
7684
5067
4821
2284
5985
2444
6712
3778
3016
241
2008
6157
694
1308
5694
4501
806
2139
2302
1722
7554
1579
912
4317
1354
3038
15
7957
5898
6260
2470
3812
884
4229
2519
7301
5623
3972
2760
4752
5994
4795
5153
333
7722
786
7109
1360
1521
7150
7865
5986
6416
2643
2679
6268
250
5264
2585
7840
4875
2471
1493
3318
2700
3086
3271
494
1977
3809
1029
2356
7537
4414
468
145
1051
7793
7794
914
6758
2414
1931
4394
5289
5547
2845
6481
5107
46
3639
1310
6807
530
2407
3679
5645
3601
5422
792
4409
121
6495
778
781
1873
1485
5141
3840
6877
5062
1025
4068
2370
7639
3022
6277
3506
4274
7240
2348
3320
613
5495
4369
1146
4460
5508
356
415
4912
2432
4893
7267
1344
423
3922
3490
4074
6005
918
1382
3878
148
2665
4044
827
3289
2583
3430
996
4484
4768
3399
5701
1963
1573
748
1211
1402
773
5019
5794
5613
3043
4648
7975
3361
4364
7476
3829
3729
3108
4110
3865
4172
5134
2500
3135
1102
5195
2739
7180
4174
6348
4493
1141
5005
44
2121
5522
6725
6366
1568
5658
89
1076
1562
4212
3351
6871
2254
2180
5650
3910
2092
5359
2796
1705
5484
5206
977
455
2517
1225
2584
519
541
5239
2078
7298
1726
4197
713
7257
7448
7434
3445
741
2502
3528
1265
2149
3561
4515
6346
5441
3389
6
1643
5584
1239
6341
68
3975
873
6465
4206
3004
5946
5762
7320
4958
5187
1438
6890
6299
1639
761
6835
9
1296
3481
6360
7131
2277
2255
2822
1984
6316
6842
7671
7266
7933
669
1935
2557
6859
6111
5327
3010
3257
6814
1910
2954
1640
7466
1137
1553
6393
6678
627
3931
7489
3808
7410
7552
4663
1720
7133
6933
5993
924
5992
4090
2740
3631
5279
379
1037
718
6721
2591
2038
4036
3920
5467
6984
3487
410
5891
4061
368
970
5686
6624
3064
1341
1345
4355
6619
5541
1967
6743
3936
2154
7857
5101
6273
4981
7106
5453
3949
2598
2668
3560
3512
3220
7096
6358
1733
1491
6690
7660
6096
6319
2119
2197
908
3132
3757
1377
1484
2022
7386
5130
4487
4022
5355
5790
3146
4001
2979
4182
1742
3904
3359
5183
2205
4259
2438
4418
3882
2099
2771
3142
3368
2550
361
1688
147
7912
807
4684
6649
2425
1650
1764
7469
6200
6694
3766
2687
1921
7802
780
4732
3535
3984
6432
6892
1813
1220
2540
5764
5194
1386
1242
6109
676
4951
615
4651
4010
6863
1078
3967
7042
6891
636
6942
7088
7741
5173
1973
7068
7753
3573
5716
1321
1652
5348
1461
1513
7069
3806
5003
5862
667
7387
4530
2577
5426
4087
3886
7650
5494
2408
720
7790
159
5427
263
6708
4706
6183
6985
5897
2889
7126
5824
3791
7874
4878
5345
239
4645
2973
7252
6079
2016
387
1448
6671
6365
2677
5755
1794
4012
7783
4059
7378
2290
1217
979
2537
6667
1533
4306
3062
6574
759
6597
2492
5249
3020
4106
3433
4383
585
177
5781
3942
4227
4194
6858
3678
4549
7603
3469
705
5033
1607
1971
6094
5320
2663
6748
2446
5186
7819
1570
6936
556
1419
6517
4865
5723
5336
7309
7194
3815
7999
6645
182
7591
724
638
2748
6878
4298
2786
7351
4119
3530
7030
5854
5204
2447
6440
4827
1601
3848
5324
6935
5964
1466
7645
4670
6522
2597
4366
5540
904
1455
7102
1442
1907
4575
5924
404
5998
929
122
6702
3450
3793
4344
7836
5638
2965
2581
1422
7628
552
19
6147
5876
2526
76
5096
4485
7630
5792
3780
2161
3468
3198
5321
4063
1615
2068
7406
6493
1936
1591
3301
81
590
7564
6074
128
663
3906
612
708
1015
3464
6253
6120
7038
7291
4945
671
6272
2620
1320
6231
5728
2377
1944
3713
4799
70
4971
2346
5870
4967
3496
3718
6149
248
951
6539
2878
2857
3060
2997
982
4147
1979
4668
6095
6949
3421
3877
7462
3370
3709
6263
7482
3646
7079
4745
7818
1337
13
3838
4315
5955
2439
91
2303
3081
6104
543
6839
3024
6119
7502
2932
788
6237
1586
2358
1530
6571
1324
811
2110
6069
3222
1703
7193
2043
5771
3275
6813
482
338
1572
4146
2347
67
3346
3756
3660
5375
3750
2814
677
1739
2375
1008
6895
1802
1992
5201
7328
6194
3130
2257
1997
6055
5212
4644
6794
4357
3752
531
2442
3297
194
6660
1142
6421
1254
7511
3120
2315
5473
3888
5344
3976
4929
6297
3333
7451
3122
1303
3428
296
5831
576
6745
391
5057
4168
6036
2437
3912
4456
5184
906
7923
2484
662
3851
7128
3923
370
3304
7399
818
3110
1153
5040
4082
2846
4833
6457
6042
1633
666
4860
3821
3880
2440
1905
1500
4436
6242
6679
5537
5216
5886
2906
6633
709
6967
3078
5682
1768
2962
6869
4606
3236
6617
5211
73
7828
6469
7649
5314
1159
5803
1279
3375
6254
3455
2200
4683
2018
7250
3800
3909
7919
6300
2409
1700
3818
1637
7024
1280
1838
5754
5766
353
6049
6924
1214
4647
2930
7181
7787
2835
6516
4798
865
5126
7495
3017
456
691
1116
7673
2206
876
3338
6686
2222
7904
4721
2273
7940
2318
7935
7610
3606
4992
4901
3392
418
7176
721
1574
2456
4658
3323
7251
3861
2842
4618
3790
6468
274
3794
5343
408
4749
6560
3170
325
6321
2033
7686
5244
4808
6989
4101
4756
3303
4579
1009
7276
5738
4928
2091
5980
712
2216
727
6125
1796
7385
7509
5545
4120
5707
5526
136
5119
3079
7884
4007
4581
7764
5657
3137
6513
7449
1867
3934
2296
7807
4397
6294
1208
97
626
6057
5890
4873
6262
6611
6874
7145
6674
3360
4942
2888
4716
5241
63
1821
7832
4348
6622
2610
3315
280
5374
4656
6220
3835
937
5306
268
4948
7437
579
6731
7941
7600
7601
849
3129
6632
2379
5188
4423
7245
831
1819
658
3415
7076
5398
3911
1497
4662
7269
170
3795
1471
4543
132
4825
4258
4391
1147
7657
3331
643
2868
229
3025
7346
598
1653
1434
4776
481
2639
6107
4991
4886
2809
4021
4093
805
5984
753
1176
7759
1946
1785
4700
4529
7678
3841
7157
506
4897
7356
1744
2714
714
6351
725
5672
6549
2330
4387
4864
890
3426
1942
264
4705
5551
6361
5128
3525
1396
3332
1336
5407
1023
2750
4854
428
3964
2116
6068
3655
5558
6533
425
5720
7745
6749
6900
4937
1161
2464
2241
7530
5439
6289
2174
1793
6364
4448
5281
106
4874
7041
3489
2027
4960
4372
7001
1498
3802
5283
3203
4318
6463
4051
3786
6883
698
4949
2421
6174
2522
5900
4902
3396
2
566
395
140
4005
7872
2075
5023
7209
7612
7676
6250
4761
2050
7719
2355
6618
5590
3745
1005
2300
4378
5129
6956
1981
686
1647
936
6369
3242
1026
6363
1833
6290
7098
7713
7798
3380
4009
290
2768
6938
3382
3379
5916
6759
1694
3280
442
4846
4495
3656
7498
1256
80
5055
476
2021
5938
4872
6732
2369
6330
1740
3125
5518
4790
273
6777
2457
54
6000
6092
7854
7341
304
6636
1453
6087
958
976
700
4842
82
737
3356
7698
452
1681
2611
2173
6843
5309
7331
2316
24
7232
3690
7695
6854
5450
5509
6951
1842
2085
3005
6757
6367
1915
7086
925
3031
2417
3958
4587
3544
5458
7543
1331
7219
7335
444
5491
5330
6657
1122
1955
5158
2769
2394
6593
6918
3299
892
6909
5253
699
2759
7433
610
2460
5213
221
6795
2753
3459
2413
299
4201
6752
4132
25
2480
7195
5819
6446
92
5919
5884
2393
4509
2704
6012
5843
2914
5392
1657
746
5684
6512
4071
7248
5251
3457
2313
981
7823
3708
648
7166
1864
1203
3662
2143
5498
1424
7189
6197
4538
3381
3193
4561
1465
3832
1939
6803
7893
7417
7691
6763
6841
5659
111
4869
7103
2534
3548
7423
3185
5399
3337
6043
7714
7550
7071
1112
4688
6661
3876
4429
1152
4151
5587
4136
1520
6151
5115
3401
6979
5258
7485
4483
7478
1941
3372
5432
2029
5634
2243
608
586
1913
5254
7778
7538
4205
7408
3792
834
3352
7198
4035
1938
2565
7545
7886
3885
7344
4765
1195
7394
6628
5806
7117
451
64
1172
5077
6573
2053
4482
7765
1271
6296
6060
3733
7813
6916
4127
5585
3097
5808
2415
1089
5954
7115
1187
1901
4748
6224
340
4826
5554
2596
1240
7627
6304
3435
3002
853
309
4931
5013
4311
3860
7856
6133
7168
4491
5263
7220
956
339
4693
2850
2436
3113
6077
5615
6836
1338
3763
2004
337
4623
5910
7800
565
3672
6733
4800
5411
690
6287
6957
7578
297
4769
3705
2176
317
5376
992
1541
4402
6386
4856
5852
2798
7457
2535
7685
1580
4140
7655
4367
4374
441
2533
3930
61
7985
7141
2570
3278
351
7054
4713
390
578
119
5255
6614
584
4430
2554
7708
7473
117
3144
6085
5962
7979
7450
1679
7902
3437
4616
2859
7049
5724
1836
1837
7508
5747
3264
1695
502
5575
2361
2454
3822
1068
6652
6054
2057
6396
6228
6684
2755
1012
269
5041
2744
4607
6110
2169
5812
3977
972
6502
440
6255
7843
6315
688
680
795
4276
1529
2514
2406
2661
1986
6177
495
3731
4923
1435
6663
3167
7274
1503
6824
3018
693
6499
1209
3243
6530
6336
5532
1613
449
272
6720
7185
5234
7339
212
4189
6288
6724
1348
6428
5513
479
7569
2395
6002
1480
5523
4040
5489
7644
4255
5045
4270
7383
3157
1839
493
2244
5340
2373
4879
3939
3416
3913
3839
1709
794
7725
3895
6392
4345
839
5452
6453
4939
4004
4340
7839
2627
1834
2871
3849
204
5354
3527
6575
901
2040
7863
1523
7192
7648
5507
7651
1525
7697
1391
50
6267
7926
3376
5200
1753
359
7994
7894
3189
6126
1202
4739
3088
5925
6464
3993
6907
5802
4273
6524
3253
3863
1366
3237
2212
174
3239
7463
2455
3461
6864
5688
5892
7148
850
7936
2463
7948
176
6088
7577
20
7137
1795
6865
3693
2775
1589
4571
4597
6659
6754
6131
3562
2671
223
7
7556
4468
6472
1734
4630
994
2223
6662
5746
181
6295
2259
704
1970
620
607
4593
7955
6458
4312
4536
3509
965
2416
2636
4996
6786
1542
7365
2172
7025
5496
7144
6098
4043
29
6506
5978
4077
4514
6436
3996
757
4738
4719
5050
4673
3735
815
4454
463
298
7682
984
373
5369
2971
6804
4759
7493
3201
7206
7175
1446
146
5945
7585
5209
5821
4301
6070
5800
735
1820
5037
4857
342
166
4830
1714
6456
5669
7706
5654
2081
7390
3021
5167
4725
4744
4722
583
113
4674
7472
7616
6675
3008
5975
6670
7299
6153
5007
4115
2578
2194
2605
5182
7777
1678
7631
1826
478
4568
3696
4828
7149
6338
7718
874
1636
5943
5335
2805
134
7614
4233
6817
2561
1862
3080
661
7668
4667
7111
7956
7633
6540
603
255
7239
2725
1294
48
4463
6970
6284
5534
6201
4114
1378
1443
4178
7593
4905
7427
307
6014
3047
5849
3955
7862
3510
4099
2818
5655
3467
7514
7190
2323
227
7265
172
5939
1215
5923
1531
1304
2603
5536
6327
1054
151
1628
2386
5222
5384
6899
3898
243
5799
6100
446
1414
2388
2192
1543
2124
2782
6018
2918
3644
376
4175
837
329
4975
769
156
3995
1433
7769
7592
3951
5861
6829
5481
3843
2897
4091
3971
7050
899
5895
7746
5757
2506
5911
6218
5360
6003
802
3325
5778
5544
930
716
7066
7477
4014
2975
5162
2860
785
1555
5018
5034
7896
4368
3197
6476
7229
2716
1367
496
4262
980
3571
6359
2710
6744
6146
5472
5880
7500
6665
3555
3235
5699
3441
5836
5058
4053
318
5485
2113
4188
5881
187
6275
3051
5787
5874
1346
4469
3551
863
5930
6653
1143
6266
2785
3482
2309
4121
5841
1632
6037
3343
4550
4308
5323
1311
3473
6741
634
616
964
7216
1949
5643
4296
6212
2919
334
374
6995
5555
862
4267
2797
5502
5437
2031
4285
2098
7011
3572
5065
6620
749
6896
878
6514
6770
6257
384
3006
510
3844
2067
3722
4829
6784
3199
659
515
6818
4653
1593
2629
5035
2527
3066
7720
1576
5902
6398
4329
6606
6987
3798
2738
4711
5722
993
1065
764
1394
219
2077
5341
3082
1494
6981
6691
192
2718
5296
5871
846
4006
3611
6141
1595
2094
4269
4954
5927
7766
5844
7547
3827
4479
1094
2006
3477
6075
5144
898
7119
3751
765
1741
206
633
6040
2763
5143
5751
4232
1276
861
4877
66
2478
5199
4624
6184
3707
5292
2229
4085
856
7512
7416
2035
803
3214
5408
1107
5474
1193
2863
521
2452
1869
7548
7932
5596
5444
2351
5549
7586
6038
6827
4778
1095
6134
6452
4030
3902
5381
6344
1797
301
3953
5865
2732
4457
719
4155
6735
4504
1397
4058
1559
3577
7273
2117
3796
3296
755
900
3540
4824
2237
4908
261
3202
1641
4284
1251
6337
1230
1916
1893
433
7204
195
6063
927
1407
2879
1524
5103
4729
3598
4548
2543
7576
1671
7929
5122
6390
1611
808
7080
1106
6169
5779
7694
4124
5207
2403
5749
3612
1283
3155
854
3053
3262
3901
6991
3174
3319
6656
3810
1888
3039
1274
2366
2991
2368
5465
5889
4617
961
4609
7776
645
6718
4046
3596
203
2148
7046
2896
1517
3272
7428
5447
5641
6844
2923
562
5083
6954
7169
3568
1735
3804
6547
4265
6203
7814
5500
2238
2937
4260
5783
7568
2949
6543
6566
7275
7773
2799
7497
1751
1030
5691
1060
7338
7090
5400
4332
3164
1189
2046
2293
6168
5504
4432
4490
5583
1614
542
7304
5461
5768
2498
108
5576
6959
7121
7615
7020
7944
4611
2943
4841
7474
2981
1666
5997
2628
2649
5974
7728
6207
300
7937
6820
6567
2970
4935
1952
2831
7324
2892
934
4910
369
5656
5503
2138
1368
4376
2691
3023
2327
4435
7895
5147
210
7701
760
7173
3037
7070
3057
2069
631
5972
5121
4881
178
3121
5233
4584
5347
1809
4938
5346
5220
6548
6475
3542
2989
4442
5937
3431
7460
6283
6542
4578
6796
500
750
7061
5697
1123
7165
5712
907
793
5421
5008
5959
2563
4589
6872
1081
545
2910
528
2944
2017
3383
129
4747
3150
4240
2940
5538
7976
6239
2589
7666
3493
6751
2901
7017
3265
4858
3139
4964
4564
326
6362
1387
1988
6544
466
1898
3448
1340
4883
6504
439
3917
413
2499
2298
1556
2549
2486
2275
3134
1928
3166
7012
1731
3928
5950
276
5572
7560
1047
7996
7889
1670
4610
6700
5166
997
1044
3071
4614
5560
503
1155
7283
4038
4433
435
2774
1362
1618
3328
7178
628
6426
872
7246
7801
5317
7726
2789
2231
7669
7244
5561
833
5817
4641
7327
6714
327
5488
1384
6583
3503
4472
417
7910
5908
1428
824
2079
2608
6417
344
2946
4477
6623
639
6331
7224
5920
978
5668
942
7287
5238
7711
1985
4811
7672
487
4962
1002
7089
7602
5181
3418
3834
7579
5287
5086
4289
3664
6241
5260
6527
6176
2182
1181
1358
6793
920
2247
1519
3183
6150
2693
1692
5152
507
6980
4525
3177
1064
2593
1474
1841
623
7534
6922
2947
7471
3852
7123
7313
3040
4636
3879
3694
437
1292
6489
790
3324
4334
5719
1603
4002
1950
7670
2528
6482
611
1565
352
3083
5280
6324
911
1071
3302
7094
5565
926
7036
6451
1840
5499
2202
4916
6683
5818
3194
2280
4731
5856
3084
4105
3335
2536
5748
1114
624
6580
4559
971
6846
2936
1086
2787
2262
538
5308
889
5918
4892
266
4363
2998
7072
7620
1463
4903
7816
4410
3536
2256
7006
4957
6973
6233
1605
407
5888
6536
3312
887
3358
5606
1687
427
5113
6565
385
6832
5290
6815
6259
1035
5603
164
6515
5404
7984
3186
4944
6415
1730
1663
771
532
6314
3903
2009
6477
962
1853
6061
1808
5373
5763
2804
1597
3419
2784
5054
3041
2034
3163
1415
3111
7163
5756
7867
3292
2005
4922
3691
574
3215
1477
2217
4704
4810
858
4209
5004
5414
5727
6654
5368
5550
4993
4859
4907
3868
6510
7302
4052
1200
4235
4598
256
5594
5388
4909
4183
5402
1539
6083
88
7907
4682
5571
1874
5278
1318
3171
5839
2667
6976
2221
5480
1475
6050
7082
2707
4411
7016
6162
1772
4763
6411
845
4950
2105
4062
6089
7221
3074
4786
2479
6265
4415
5676
245
6318
7921
2638
1403
7879
6994
7675
40
7858
1364
193
7129
406
1532
702
3397
6320
5743
505
4906
3830
5646
7997
4287
6056
1258
4600
7914
606
5378
4042
131
6395
1136
3263
5006
4352
4426
4187
6738
2402
7770
3730
53
3007
4675
2294
5869
1825
7391
7565
60
1856
2905
2576
90
1877
1144
5270
1126
7515
4742
6723
5235
2560
1418
511
2987
4295
5087
2164
526
561
1260
7693
6198
1290
1295
6537
3768
3582
1697
1177
6958
3246
287
3287
4086
3989
6274
17
4134
1812
5043
7249
4108
4094
1868
4238
114
2751
4989
5385
7425
7167
2746
3726
7971
118
6769
4497
6538
539
5482
7132
112
1488
2493
1297
7624
7321
4144
922
2703
7310
18
1212
5257
2122
4537
7382
6642
3859
6535
400
7120
4599
5350
233
2363
3274
549
4380
7444
2426
6898
1483
3916
7453
253
7084
2790
7643
7153
1815
5883
948
599
2908
2193
7917
1464
3817
869
6015
6638
4385
6664
5362
2171
4832
3781
3499
6511
4473
5468
6044
7355
1501
1617
3554
3875
2602
7744
5718
2258
6381
804
5760
3799
2183
2086
6646
2567
3642
3871
1658
4936
2306
2637
7716
4750
1879
867
4900
2473
3998
6950
7690
7533
3541
6695
4328
6937
1489
3429
460
4213
4507
654
2867
7290
7680
6445
4299
4464
3195
2400
3414
6325
1923
1288
5804
7340
4924
1456
4573
1974
1369
1682
1257
7834
4100
7330
3823
4427
3741
4084
1691
6960
4322
6486
7524
5110
4107
3836
2084
1175
7915
1896
3390
5100
1447
5196
6602
5542
4522
5146
5118
3529
3702
7756
2324
1851
5811
4570
5703
5010
653
5524
4733
6943
7821
905
6442
3388
2862
527
1996
6875
6825
4595
1904
2924
6768
1807
2640
4526
7294
1451
5791
2305
2130
2153
7018
2734
1749
1957
2690
179
1314
2453
1830
6034
1238
6292
6607
409
5648
7260
2843
2461
6908
7588
2490
723
4333
6009
3463
5734
5243
457
683
885
696
1732
3628
3724
551
6977
3330
5419
1077
7535
2829
1966
4601
2647
6016
7475
5024
1727
5907
3322
6185
2792
7118
1174
4632
3855
7688
5721
2418
2887
7570
189
2213
1649
7842
2120
3738
4249
6968
4851
3896
3734
5387
1980
1416
6729
3149
5226
27
7237
6122
646
7191
3846
4702
4784
3634
3669
3813
462
2778
5633
4676
7981
2959
3357
5325
3549
2261
2810
2572
5142
6762
3897
486
1610
701
4774
52
6102
4422
7731
1406
1329
2966
2118
5416
5530
5859
5237
133
6523
1227
2742
5154
3717
2331
5342
7939
2909
2297
3112
504
6279
2773
6605
3500
6444
7222
4697
5695
5687
5566
5390
4412
5535
3974
2024
5001
6136
4804
2993
4170
5789
4845
2656
7432
784
6963
7065
5470
2338
1204
4118
4211
6423
3216
943
2623
5471
5149
3828
2074
917
7541
3982
4171
3671
4067
6781
1972
864
3716
1312
3034
22
7031
1908
3228
2709
6773
4122
1291
3147
2196
783
3033
2990
242
5266
1168
5842
4393
3095
1779
2736
7792
817
7138
2410
4718
3369