8000 random integers

7467,
5653,
4707,
360,
2445,
5751,
7631,
48,
7110,
6823,
6156,
2138,
5240,
1006,
2033,
4028,
3649,
4080,
3813,
784,
1832,
6155,
5491,
4592,
1368,
6509,
4751,
5391,
474,
6478,
7787,
2381,
6933,
5104,
7034,
3700,
4910,
5366,
5230,
4301,
415,
6525,
3573,
5374,
1264,
5034,
7987,
2055,
538,
2823,
2639,
3266,
448,
1050,
6026,
7457,
2636,
449,
3216,
5059,
2352,
914,
5835,
7833,
1508,
7176,
3951,
6428,
6457,
5740,
3651,
6259,
2042,
7104,
7333,
1363,
632,
1531,
1152,
332,
1849,
3177,
1645,
2377,
2374,
4352,
4037,
4855,
6282,
7743,
1696,
814,
3400,
609,
7254,
157,
7283,
3105,
6875,
3408,
3332,
4096,
3171,
336,
3077,
4927,
1365,
2186,
741,
3219,
2940,
6869,
2214,
4981,
1234,
849,
4225,
4174,
3423,
1139,
1741,
3245,
2109,
3465,
1331,
381,
5371,
4106,
717,
4459,
7053,
807,
5858,
5310,
2740,
2866,
3703,
366,
992,
5921,
1863,
6641,
2692,
7620,
6000,
5321,
5879,
3287,
1837,
432,
2992,
5406,
396,
947,
5360,
937,
4078,
3628,
7018,
4222,
7819,
6978,
5141,
842,
1257,
6423,
6044,
2240,
6212,
6334,
4515,
7338,
5667,
3387,
7122,
395,
6153,
4239,
6982,
6131,
5138,
2392,
5385,
3517,
323,
4728,
118,
6621,
7391,
4740,
4615,
3918,
7033,
4670,
4396,
4086,
3198,
646,
2431,
7280,
6040,
7063,
1328,
7566,
2037,
6420,
463,
454,
124,
5183,
3343,
3924,
4494,
6574,
5774,
1523,
3406,
3734,
1761,
739,
5166,
6032,
6820,
6983,
4761,
5054,
3953,
6377,
17,
872,
5029,
4362,
592,
3111,
2203,
6858,
3737,
6855,
7710,
5768,
1059,
6930,
6578,
7010,
5091,
5629,
5110,
1829,
3182,
1958,
137,
2809,
619,
5094,
4693,
2651,
4945,
1966,
1094,
3575,
4528,
2802,
2466,
7165,
6742,
5207,
3667,
6652,
893,
7777,
203,
2885,
1532,
3783,
3837,
2293,
7674,
5432,
861,
6341,
880,
130,
3314,
7964,
3852,
7842,
7262,
5782,
3470,
6785,
1920,
2677,
6449,
6692,
7291,
6401,
909,
4280,
7220,
6962,
5764,
2278,
1496,
2743,
5724,
7593,
724,
4820,
3505,
2569,
1428,
3189,
1134,
3580,
4735,
7596,
1384,
2181,
1793,
2519,
1629,
4819,
7007,
302,
2491,
886,
224,
1284,
4443,
6786,
1071,
6132,
7706,
6530,
4905,
1276,
4003,
3008,
4635,
5945,
697,
1739,
3242,
7558,
7401,
6508,
536,
1737,
238,
975,
4101,
4431,
1699,
3738,
1066,
7789,
2182,
6076,
1334,
6207,
4052,
136,
4720,
6071,
1469,
1137,
4792,
3037,
3589,
2189,
4091,
4807,
1584,
385,
1502,
6939,
3602,
5417,
1527,
4406,
6200,
6503,
1123,
5497,
6278,
5430,
6500,
7788,
406,
2571,
4579,
6917,
2689,
2059,
7561,
437,
3718,
6427,
4285,
6984,
249,
5959,
548,
6396,
6216,
5918,
85,
1479,
2436,
5509,
7508,
994,
2530,
5127,
1500,
6772,
72,
7580,
7570,
1943,
2626,
4783,
1870,
3498,
6442,
6806,
5504,
7025,
7904,
3022,
6592,
3503,
2721,
4831,
7463,
7610,
2196,
6783,
2143,
734,
3056,
5907,
3344,
1375,
4426,
7542,
1630,
4643,
2385,
128,
3906,
464,
1769,
787,
6558,
902,
4763,
836,
6661,
3449,
1786,
549,
2066,
7907,
6016,
5451,
7541,
1162,
3150,
7735,
3162,
5875,
4857,
4255,
4180,
6948,
608,
5956,
1353,
4007,
705,
4170,
7264,
2000,
7998,
6280,
1009,
369,
349,
3622,
6608,
3118,
2868,
700,
2361,
4565,
6349,
7918,
4883,
7521,
4593,
7100,
1961,
4121,
4510,
1552,
1239,
1340,
4276,
788,
7403,
1327,
6021,
1437,
4427,
1176,
5761,
3419,
3220,
1869,
7322,
2112,
3090,
5550,
1166,
7024,
1862,
791,
3087,
6767,
1904,
613,
4470,
6664,
6352,
7527,
704,
1711,
5349,
4715,
3828,
5923,
517,
2994,
2707,
1174,
6484,
1260,
6295,
1878,
3009,
6446,
2305,
3137,
45,
3535,
4556,
7993,
605,
2974,
443,
6169,
6434,
1256,
1516,
3763,
7509,
3980,
5492,
6390,
7368,
6902,
330,
4605,
6822,
2459,
995,
290,
6228,
7986,
1647,
953,
844,
2719,
4764,
6421,
4949,
3594,
748,
4445,
4383,
5911,
195,
4452,
4066,
2867,
7197,
5587,
1262,
1714,
1557,
7956,
1088,
3821,
7971,
1561,
321,
4484,
4512,
963,
4365,
7595,
1314,
4094,
2724,
489,
686,
1745,
7070,
2328,
2973,
5931,
526,
3103,
4975,
5086,
3454,
56,
1642,
7660,
4970,
6345,
4117,
1663,
84,
2267,
7450,
7224,
2672,
4672,
884,
783,
363,
4553,
839,
3422,
2049,
4765,
757,
4673,
508,
4099,
3676,
5612,
6243,
2552,
40,
4457,
6267,
2594,
4722,
6645,
4791,
7050,
1145,
3049,
1549,
5677,
4534,
3748,
6583,
7499,
5084,
1810,
1701,
545,
3788,
2084,
808,
7481,
5386,
3308,
4551,
5483,
2726,
6849,
116,
4872,
5456,
386,
7398,
6059,
1991,
7388,
5951,
4739,
215,
1608,
4658,
6581,
2879,
6591,
5179,
7523,
7669,
338,
197,
5926,
1240,
3484,
2081,
5553,
3875,
1593,
7941,
2180,
6081,
7885,
5559,
4223,
3547,
7644,
1717,
409,
6151,
2370,
6344,
2942,
4710,
6658,
4896,
5381,
5640,
55,
147,
2525,
3685,
6609,
6805,
2648,
1336,
4236,
2360,
5030,
3296,
7272,
3265,
4271,
1616,
7364,
7253,
4879,
12,
3944,
3163,
4837,
7500,
6648,
7693,
4125,
4727,
6923,
6321,
2886,
3723,
187,
164,
3752,
7826,
7324,
3430,
4307,
3773,
5476,
929,
3893,
6481,
5997,
6979,
7043,
1682,
656,
4375,
4782,
7239,
5949,
3931,
2971,
5637,
2880,
6704,
7062,
2849,
2524,
173,
3392,
2965,
611,
5330,
3160,
4490,
6437,
7198,
4813,
7019,
7770,
4695,
7289,
2246,
2675,
1982,
5623,
961,
1828,
1057,
841,
4050,
5283,
1452,
7326,
7847,
2252,
1734,
6765,
5533,
5158,
6712,
2160,
1056,
7213,
2118,
3632,
4744,
3096,
5604,
2923,
7037,
6307,
3346,
1156,
628,
5397,
5278,
5182,
7218,
7060,
2348,
6237,
5747,
4479,
3690,
4563,
1575,
2275,
5123,
1051,
4947,
3039,
1093,
5844,
2046,
1707,
3138,
2173,
2268,
4913,
2698,
4197,
2402,
7263,
3841,
2753,
1421,
4938,
761,
5983,
4870,
7462,
1072,
5981,
1625,
223,
3377,
7468,
7221,
3474,
4212,
3246,
6374,
5584,
2205,
4331,
7648,
1670,
5666,
6005,
6418,
1601,
5214,
7453,
2427,
3709,
583,
1952,
5363,
1658,
3475,
5339,
7781,
564,
5950,
6408,
6519,
2734,
4118,
1443,
3001,
3968,
7178,
1402,
1587,
1159,
4928,
1068,
5393,
5870,
7737,
7518,
2889,
5126,
4048,
2171,
2723,
1033,
6479,
3272,
1244,
5805,
1835,
63,
6260,
86,
6175,
5438,
5101,
7705,
6897,
5484,
7731,
3065,
5404,
2258,
1250,
5177,
4381,
2535,
6054,
1727,
7484,
671,
7514,
331,
2021,
2161,
5630,
3158,
4688,
1955,
2828,
7290,
823,
898,
3306,
6966,
1622,
2009,
4116,
1034,
5285,
3153,
1680,
6576,
2371,
3161,
1800,
2820,
7834,
1747,
310,
6181,
3803,
3293,
3831,
6846,
6487,
589,
637,
6416,
4522,
4192,
1359,
108,
4373,
4051,
3068,
2602,
4139,
1394,
4530,
4962,
2088,
6466,
1992,
6365,
2273,
3935,
4679,
2272,
1596,
2754,
6595,
3284,
4185,
7373,
4646,
982,
7617,
1457,
7916,
6315,
1089,
5635,
6304,
1929,
554,
4167,
4081,
4309,
5220,
4403,
3874,
6251,
5990,
5099,
1389,
847,
5453,
2310,
1393,
3365,
2795,
6590,
4090,
75,
4313,
5992,
7076,
5174,
2346,
3615,
6030,
2390,
573,
1387,
1490,
6088,
928,
2446,
3361,
2656,
6224,
2208,
3201,
1121,
6330,
4008,
1107,
4059,
6461,
1598,
7906,
7760,
4738,
7665,
2167,
3132,
1510,
932,
6536,
3745,
7750,
6990,
92,
763,
293,
1354,
3977,
5251,
428,
7041,
718,
2114,
1782,
874,
1317,
2337,
2709,
2103,
1569,
1731,
3316,
438,
6110,
3527,
7854,
3867,
4057,
6602,
4238,
5235,
5760,
3035,
2295,
6924,
6759,
5742,
7608,
371,
5357,
4712,
7443,
5689,
4966,
4888,
6185,
7190,
7604,
4293,
5066,
3354,
7137,
5002,
7831,
2332,
813,
2658,
7939,
5869,
3462,
3445,
2884,
3845,
3518,
4211,
3169,
1369,
3608,
7318,
5989,
6705,
550,
5347,
5231,
7532,
4006,
6261,
2193,
1213,
6737,
2007,
7490,
4656,
5225,
1771,
6029,
7643,
4370,
1168,
4701,
1581,
4814,
4729,
3743,
758,
3325,
7632,
2595,
2045,
3301,
7065,
1460,
6082,
7459,
3739,
3151,
5475,
6515,
7629,
5232,
4660,
3057,
5789,
387,
6781,
2148,
5543,
3688,
6354,
4199,
4835,
4540,
3985,
31,
2641,
7597,
7928,
5650,
6677,
7695,
4034,
1023,
4978,
4806,
5411,
1131,
2184,
7547,
1362,
1497,
7126,
6976,
2016,
5009,
7159,
6998,
7425,
7967,
3262,
158,
7507,
5753,
7592,
6825,
2120,
1570,
7782,
4576,
4711,
3277,
4290,
3446,
7712,
5845,
3898,
5193,
3797,
4400,
4816,
7277,
4191,
6662,
7498,
4319,
6842,
7156,
2772,
7552,
5566,
4985,
4204,
4149,
4755,
6603,
970,
4398,
6459,
1972,
1850,
7085,
6485,
5265,
1931,
7282,
7702,
2875,
5889,
6947,
3639,
5157,
6050,
7199,
6612,
7716,
47,
4967,
3868,
5924,
4450,
1803,
2397,
3660,
5977,
7879,
3360,
2794,
4891,
3390,
5986,
3561,
3405,
335,
7746,
1819,
1482,
4401,
2229,
3076,
221,
3864,
4215,
7059,
3956,
5710,
1222,
6467,
5429,
6492,
1778,
6601,
7271,
5806,
7837,
2679,
7367,
7372,
1644,
6702,
6937,
270,
7535,
1823,
7564,
6827,
5264,
2949,
1971,
2621,
1444,
7657,
2737,
4465,
2708,
5614,
5142,
4186,
2728,
7001,
1956,
6980,
771,
4378,
3424,
2839,
1757,
3702,
5758,
785,
5267,
1928,
4444,
1763,
2369,
3398,
543,
2331,
5413,
6861,
4471,
3146,
1844,
3765,
752,
4344,
2915,
280,
2852,
1186,
4653,
6674,
1807,
13,
811,
6197,
5464,
7539,
958,
1705,
3843,
4021,
303,
1505,
6835,
4040,
7317,
7256,
2113,
4189,
11,
4205,
5873,
5664,
6313,
3644,
3712,
5026,
3252,
7977,
5051,
2534,
2986,
3367,
3582,
7336,
7676,
1297,
2853,
2073,
289,
1897,
6812,
2290,
3605,
7422,
3190,
4769,
6147,
2270,
7044,
4210,
3000,
5184,
1249,
1281,
1572,
6393,
6813,
7064,
2316,
7342,
4674,
446,
7225,
3599,
2906,
57,
5913,
5281,
3023,
3729,
3930,
3664,
4320,
3665,
4421,
2416,
1560,
1785,
2710,
1347,
4889,
6635,
4846,
3747,
2601,
3489,
2403,
257,
1381,
6650,
2155,
6238,
1748,
3476,
14,
308,
2573,
5047,
7145,
7704,
7042,
5755,
6620,
7396,
2063,
7390,
3020,
3795,
225,
818,
3213,
4161,
6567,
1125,
5988,
6903,
692,
90,
6518,
3089,
6356,
6815,
2767,
1801,
2825,
1010,
4306,
2064,
3114,
1487,
2234,
5582,
1937,
4389,
866,
7477,
1558,
4828,
1218,
6028,
5027,
6172,
7581,
4178,
7249,
1641,
7077,
7494,
3950,
3888,
5665,
1912,
7047,
5633,
3294,
4942,
7087,
7575,
2011,
6128,
4721,
4058,
2590,
6182,
1504,
3539,
4934,
1719,
6874,
7512,
2005,
552,
2212,
7167,
5779,
6588,
5838,
5398,
2515,
6898,
6143,
6275,
6910,
1657,
1827,
6383,
4481,
4182,
6119,
7952,
1927,
5300,
1491,
5308,
7934,
3203,
1655,
1865,
5506,
507,
7175,
6547,
3775,
1,
1588,
5739,
3933,
4613,
5394,
3199,
1208,
6575,
5331,
5031,
979,
6953,
7798,
5971,
3051,
4230,
558,
5668,
4517,
4399,
2609,
4572,
2664,
4663,
2829,
824,
7841,
4105,
1047,
3297,
1214,
1947,
7969,
3834,
754,
5674,
5107,
1954,
5941,
4550,
1951,
3760,
1181,
4616,
2891,
3981,
1339,
7699,
6034,
3381,
5872,
5512,
7528,
5378,
4073,
499,
2096,
7972,
4968,
6951,
6895,
5750,
4207,
7586,
176,
1539,
1480,
4586,
1333,
3777,
859,
41,
3885,
6975,
7155,
1700,
6935,
5373,
1544,
1623,
2003,
3288,
1042,
5042,
5964,
322,
277,
5154,
5850,
3779,
1433,
3917,
5161,
1876,
3094,
2034,
3210,
4627,
1672,
6489,
7572,
4794,
6911,
5762,
131,
218,
3631,
343,
7569,
4838,
3542,
3680,
4219,
7107,
4680,
7002,
603,
1671,
341,
4724,
7184,
6915,
4209,
3880,
7119,
5106,
5840,
3892,
451,
7876,
6605,
5468,
101,
2396,
731,
2499,
2308,
3079,
7353,
547,
6837,
7901,
4442,
7771,
5563,
1556,
5654,
1600,
5790,
1627,
6847,
935,
6276,
6513,
1183,
7207,
2824,
1016,
1082,
6955,
3751,
1919,
7143,
1965,
6424,
7017,
2980,
1080,
2279,
3238,
1662,
6118,
1098,
6549,
6909,
1567,
5436,
3482,
5313,
1499,
5286,
2408,
2859,
7365,
1633,
1772,
5878,
4089,
7555,
2110,
329,
6758,
4836,
380,
795,
5874,
3415,
716,
2306,
2144,
5694,
7882,
512,
3385,
7881,
5074,
962,
5355,
2140,
4784,
7815,
3491,
5895,
7963,
3836,
1488,
404,
1303,
3140,
6093,
3853,
2939,
6533,
2207,
2215,
1583,
4560,
3499,
2877,
7995,
7411,
2854,
5973,
1200,
1221,
3674,
6597,
5493,
6507,
2669,
1996,
3126,
6346,
5263,
5709,
4692,
2188,
3370,
156,
4025,
2038,
2600,
7838,
4357,
5700,
4501,
4864,
5978,
7713,
260,
5788,
1296,
425,
5565,
5947,
4297,
892,
5041,
7661,
5291,
3897,
3322,
3016,
1301,
5096,
1948,
3656,
7378,
4296,
7294,
905,
1468,
7548,
6669,
2217,
5242,
3259,
7785,
5883,
1766,
2690,
4240,
3078,
694,
4907,
4153,
1694,
5925,
2985,
581,
3612,
4145,
2236,
6810,
4590,
3221,
4193,
4895,
7151,
412,
2694,
7621,
418,
1455,
5420,
1441,
6084,
4757,
5505,
1534,
4709,
6297,
2543,
2452,
5121,
274,
5829,
5730,
7350,
6225,
2717,
920,
6273,
1970,
7997,
923,
1215,
3510,
1190,
6141,
5863,
2630,
2470,
352,
3595,
5862,
6794,
3251,
4011,
314,
4463,
4543,
775,
5524,
736,
4221,
1287,
5968,
7433,
5395,
7725,
261,
7516,
5683,
3494,
680,
6171,
1993,
6839,
1423,
4487,
7054,
6734,
5040,
1888,
1619,
7719,
2533,
5560,
3650,
506,
7865,
7553,
7868,
2946,
3357,
4702,
4303,
1325,
391,
3481,
3565,
3961,
4009,
7354,
2683,
38,
894,
3202,
7817,
4944,
1830,
7337,
7478,
4022,
5185,
230,
5605,
968,
5593,
3334,
5016,
2475,
6754,
1356,
182,
5208,
6735,
5048,
4699,
3513,
5571,
1898,
1414,
1195,
2572,
4162,
1274,
377,
1246,
7574,
4664,
4152,
2598,
5816,
1689,
4718,
4393,
3637,
3173,
2327,
342,
666,
7023,
6967,
4799,
2187,
7383,
2817,
7470,
6890,
7327,
7859,
5234,
2261,
7875,
1352,
3247,
2497,
4404,
7642,
3230,
4669,
6145,
209,
1650,
1621,
2512,
162,
468,
3410,
709,
6996,
1111,
7406,
2663,
6232,
7441,
3716,
3994,
478,
5996,
5557,
4060,
681,
702,
2410,
2022,
6528,
1229,
6644,
3318,
6887,
5717,
3042,
2768,
5471,
7217,
3695,
3120,
7158,
5970,
2287,
5579,
4753,
7381,
4425,
5783,
4566,
4480,
2773,
3217,
2409,
3636,
4496,
4668,
7387,
730,
1702,
2093,
1164,
1014,
2716,
6051,
421,
6629,
2433,
7728,
1511,
3373,
5167,
479,
1716,
1432,
3193,
120,
4133,
2905,
5164,
1762,
1900,
5888,
4035,
2731,
5522,
5975,
3744,
2372,
6961,
7142,
1473,
3159,
3176,
1012,
600,
3490,
67,
3988,
4657,
3304,
3045,
2642,
2079,
770,
4168,
2745,
6623,
2032,
7871,
304,
6956,
4841,
4359,
2764,
4188,
7599,
6854,
5343,
3798,
5375,
4380,
383,
4026,
2164,
5616,
140,
141,
3469,
3974,
3920,
121,
134,
7084,
7801,
3274,
5494,
7088,
4432,
7921,
4793,
7732,
6464,
5318,
6184,
2989,
2765,
2857,
267,
3061,
1925,
7192,
202,
7489,
7328,
6548,
5203,
3668,
7413,
6291,
4700,
6986,
7803,
4822,
1550,
6363,
3600,
7853,
1312,
1692,
3860,
6430,
6367,
7261,
3905,
4282,
7016,
4440,
4651,
3652,
707,
199,
7020,
4165,
3075,
7698,
5930,
3625,
1923,
5083,
4821,
936,
7275,
2893,
4486,
6546,
1416,
5119,
2596,
4283,
3538,
6798,
5280,
1777,
6380,
3672,
1095,
1373,
107,
1718,
2703,
2808,
6889,
2739,
1477,
2922,
3733,
1675,
46,
631,
6877,
6067,
5151,
1084,
800,
3839,
6404,
2699,
2125,
1693,
2685,
5337,
6560,
4112,
6628,
6506,
2444,
4776,
453,
3431,
2789,
1350,
1546,
7935,
1653,
2999,
4384,
4558,
7096,
2424,
3829,
4995,
344,
7565,
6271,
984,
4114,
6828,
4940,
6857,
6614,
7089,
1853,
301,
4818,
7284,
2585,
2276,
6327,
2358,
3170,
1124,
5224,
6405,
1509,
4029,
7040,
5823,
5987,
676,
6011,
2924,
5114,
976,
7525,
7169,
5139,
1515,
2508,
5564,
7624,
6241,
2330,
7316,
1372,
4690,
7412,
6599,
4335,
2336,
7985,
7734,
1289,
5038,
442,
7305,
5256,
1292,
3029,
2720,
4580,
5735,
5809,
4184,
6873,
43,
1220,
1628,
3347,
6538,
5962,
2640,
7664,
3735,
4187,
3407,
1551,
4811,
2105,
2513,
812,
5013,
6142,
826,
4364,
1609,
6800,
1015,
3770,
3585,
2384,
6362,
2547,
6024,
6219,
7321,
6137,
6410,
2952,
521,
2981,
2269,
6288,
7260,
2426,
7517,
401,
7278,
7188,
4281,
5693,
1833,
659,
4748,
3501,
240,
535,
4597,
2072,
3479,
5520,
7635,
1426,
5793,
4743,
654,
4824,
7008,
2814,
7461,
7893,
6213,
843,
5247,
5005,
4661,
2887,
4264,
3522,
1738,
5801,
2260,
4358,
6191,
4388,
4287,
347,
2202,
4031,
3069,
4959,
4892,
3504,
5122,
5156,
1348,
426,
1976,
4529,
2665,
7510,
4750,
5967,
1150,
2660,
7729,
4746,
2078,
6248,
370,
5295,
5963,
7177,
3855,
1226,
7380,
5479,
1839,
4166,
2606,
42,
6994,
820,
806,
3902,
917,
6056,
7654,
5894,
3990,
1128,
1799,
485,
2257,
6927,
1492,
4087,
6223,
7856,
1273,
6946,
5695,
3192,
6843,
7924,
473,
3717,
682,
5353,
5064,
5606,
5105,
643,
5821,
6757,
5708,
1039,
7149,
2122,
2340,
7181,
5908,
3889,
3616,
7038,
4256,
7219,
3597,
3119,
4346,
7006,
4917,
4027,
7639,
248,
7919,
6092,
2097,
1020,
7673,
3941,
6763,
3682,
7201,
7296,
2612,
3708,
1385,
4065,
3890,
4535,
6586,
5067,
98,
7444,
2145,
3973,
2558,
1422,
5856,
3091,
4980,
6023,
746,
5036,
5111,
6789,
5741,
6036,
5216,
1687,
3348,
6594,
3442,
2793,
2476,
6167,
6075,
4119,
7092,
4525,
2174,
7180,
5718,
3148,
5350,
2812,
1461,
2687,
7625,
4632,
7405,
2618,
2231,
5900,
591,
4449,
7429,
5995,
1396,
5063,
4619,
5834,
1415,
66,
2763,
7891,
949,
900,
7612,
3012,
2089,
829,
6086,
6160,
7029,
3916,
160,
6859,
3519,
2301,
1661,
7075,
3825,
5982,
4504,
3255,
3358,
3776,
6684,
196,
3311,
6995,
1105,
3865,
2329,
5589,
1294,
7246,
2048,
2233,
6671,
6738,
5372,
1132,
5705,
5910,
3689,
445,
5898,
372,
5763,
5746,
7982,
3027,
1358,
2588,
3395,
5211,
4772,
6002,
7131,
5603,
2432,
1639,
4270,
5068,
3820,
1420,
5851,
755,
4803,
1915,
5721,
5323,
6985,
212,
7744,
1893,
5279,
607,
1882,
5098,
7487,
2909,
1594,
840,
4802,
5536,
6123,
1022,
2296,
4956,
6371,
4244,
3778,
2434,
3212,
2058,
1610,
7767,
7320,
7894,
6452,
1592,
7933,
3740,
4507,
2127,
1606,
6638,
2449,
2738,
6083,
7214,
3187,
7943,
403,
4667,
997,
3796,
1055,
6465,
7927,
4508,
7410,
3372,
1691,
7808,
5458,
3366,
7055,
378,
6103,
3996,
5998,
7438,
3097,
4859,
4323,
1979,
6483,
3570,
299,
3720,
4151,
665,
3714,
3432,
556,
6450,
7319,
3329,
5639,
971,
7772,
5853,
3842,
4629,
282,
1821,
7061,
1151,
2993,
7003,
6690,
5619,
2030,
4931,
2379,
5847,
797,
2496,
2447,
2553,
5583,
5149,
3938,
3521,
1255,
4652,
1345,
1946,
4860,
4633,
5703,
497,
4885,
7812,
2462,
3992,
5916,
3353,
4390,
6906,
4920,
1427,
4882,
1760,
2532,
7071,
7329,
6287,
7723,
1858,
4532,
7027,
3060,
3983,
30,
1141,
3295,
629,
7255,
190,
4648,
2542,
4235,
7048,
5745,
3866,
3913,
4135,
7306,
109,
7560,
1809,
7923,
1768,
4071,
2249,
1758,
7895,
2115,
3157,
6838,
2467,
1580,
2380,
3416,
2300,
4689,
7394,
7989,
2778,
6881,
1704,
2862,
4531,
5470,
7534,
3291,
3849,
4043,
3409,
6476,
5732,
980,
4291,
4760,
3549,
2414,
821,
6031,
5893,
4409,
6622,
6008,
4588,
6460,
5792,
6716,
7753,
6694,
1410,
4176,
627,
4288,
7957,
216,
798,
7738,
2615,
4361,
4719,
3186,
1571,
4267,
7799,
612,
5503,
7212,
6571,
4408,
117,
4614,
6802,
119,
7736,
7899,
3670,
3100,
3124,
2785,
1458,
856,
5920,
1720,
2216,
5598,
419,
3402,
2902,
4242,
5004,
3532,
4392,
1617,
6853,
5787,
5333,
26,
3174,
1908,
2245,
887,
7081,
6456,
5147,
6862,
7384,
7877,
6208,
5090,
1582,
5219,
2172,
7892,
657,
2502,
7970,
5736,
7601,
1634,
1157,
5093,
1985,
6878,
4294,
5023,
5035,
1568,
4637,
1885,
191,
1649,
5443,
3218,
498,
231,
364,
4691,
3560,
5348,
881,
2958,
562,
5445,
5643,
6046,
4982,
2816,
711,
398,
2673,
663,
7649,
7250,
1197,
7992,
3298,
3509,
2259,
5352,
5659,
374,
3125,
5153,
1219,
6514,
2376,
3707,
7905,
7469,
1945,
5521,
3225,
2099,
6790,
7423,
6435,
7160,
172,
6358,
7926,
6422,
6376,
7975,
1216,
1064,
1933,
4032,
3425,
6379,
2872,
5144,
2025,
7752,
6443,
4158,
6940,
5198,
7577,
222,
5419,
4742,
3031,
779,
6127,
6964,
3882,
6740,
1990,
7299,
6751,
5060,
6676,
1513,
6300,
6429,
6632,
2199,
7360,
987,
6218,
5826,
3002,
5993,
6886,
3455,
1626,
803,
7492,
6934,
139,
3433,
1135,
2056,
7455,
7431,
6399,
677,
4074,
4591,
5268,
4911,
5155,
2026,
3285,
6534,
2620,
544,
6337,
6091,
5552,
5021,
6117,
2668,
348,
3806,
5638,
6221,
3596,
7150,
2091,
6468,
6052,
4612,
5861,
6618,
7920,
7314,
2599,
3558,
357,
1614,
6120,
5405,
6113,
1446,
151,
6469,
154,
3149,
4269,
3524,
1553,
3766,
235,
1474,
7407,
2190,
5238,
3412,
2469,
1091,
3268,
7300,
7347,
6154,
1282,
1378,
3607,
5011,
6689,
1090,
6565,
2693,
5791,
2471,
3028,
5729,
3959,
7818,
4562,
4800,
3209,
7193,
7448,
862,
2425,
1665,
7414,
5727,
518,
7355,
5515,
3273,
5173,
5702,
710,
281,
2959,
1062,
7471,
1175,
4018,
6496,
3957,
69,
7622,
2277,
2441,
7343,
4371,
3850,
4258,
4921,
7124,
2697,
950,
5282,
501,
4881,
2797,
5169,
5906,
424,
846,
687,
3292,
3299,
5927,
7116,
3947,
2747,
4110,
3789,
1316,
2647,
3545,
6239,
2411,
602,
2197,
1894,
6675,
4647,
5641,
5511,
1361,
5797,
2035,
5690,
6038,
6587,
1397,
2248,
531,
2386,
340,
2643,
2744,
7265,
7616,
6600,
2147,
7708,
165,
2375,
3053,
1538,
5204,
5248,
2975,
3754,
1436,
2265,
80,
4379,
4596,
186,
3753,
1270,
3113,
7415,
7862,
430,
6057,
7335,
7163,
7454,
899,
6569,
728,
3915,
7015,
1942,
4617,
1969,
4275,
2183,
476,
2988,
7376,
6426,
1703,
4788,
1335,
1309,
6498,
4924,
6688,
7994,
6727,
5540,
3253,
1120,
5777,
696,
6958,
1007,
6631,
6245,
6003,
5673,
7531,
7182,
6925,
1721,
2945,
2311,
4893,
7331,
4918,
1495,
7361,
6294,
6550,
7511,
6201,
1802,
7607,
3764,
1722,
6715,
7211,
1291,
5597,
2771,
5257,
5356,
2131,
3183,
5817,
1000,
4203,
3059,
2576,
3824,
2354,
4072,
1160,
402,
780,
2718,
65,
5061,
7890,
2966,
4300,
5620,
4123,
3759,
3181,
2991,
6217,
3591,
3965,
5887,
1171,
6445,
3165,
624,
1743,
5660,
2313,
713,
4573,
3590,
5472,
1681,
989,
3231,
616,
630,
3003,
1040,
6308,
6687,
5032,
171,
7228,
3732,
3488,
4218,
882,
4337,
5434,
7922,
766,
5293,
481,
5773,
6194,
1355,
1789,
3982,
376,
3417,
6756,
1170,
1564,
7166,
3846,
2382,
2821,
5370,
467,
3785,
169,
2557,
7999,
7655,
4260,
743,
3568,
6385,
4963,
4749,
633,
429,
3948,
3278,
4077,
1070,
5902,
1950,
6741,
960,
5131,
5952,
1607,
2280,
2335,
6340,
105,
285,
2613,
2968,
3862,
918,
3403,
4492,
5733,
6432,
3731,
6258,
4865,
2890,
1044,
753,
3351,
6988,
1401,
5621,
2881,
1913,
6552,
1618,
6848,
6691,
7793,
2430,
5498,
2961,
3822,
2494,
796,
6049,
4004,
6173,
638,
4045,
1054,
1648,
7851,
214,
339,
999,
4130,
3007,
4237,
6693,
317,
3233,
7983,
5573,
4164,
5072,
7806,
7925,
5407,
2792,
6320,
7185,
7279,
4160,
6037,
3191,
6391,
7598,
7298,
3172,
4644,
2387,
4019,
4451,
2610,
721,
4171,
3648,
5734,
7146,
5651,
1236,
2861,
7069,
1938,
6991,
4848,
1541,
3886,
2119,
910,
4055,
1964,
148,
2869,
365,
645,
6563,
5424,
6381,
4972,
5379,
530,
7809,
6060,
3440,
4537,
7769,
2835,
2040,
1233,
5680,
3371,
6074,
1392,
149,
1918,
6253,
6125,
3601,
4005,
7339,
4356,
7356,
2604,
7210,
7522,
482,
2804,
7287,
3904,
655,
4636,
2318,
5965,
6914,
7105,
6041,
3391,
1025,
865,
4351,
34,
5001,
1779,
4677,
444,
7086,
5903,
1300,
3911,
1343,
7345,
4808,
4858,
2892,
7216,
4377,
3362,
7132,
1148,
1223,
6281,
7530,
6033,
6851,
5955,
5496,
93,
6696,
77,
7618,
2514,
3675,
6830,
6743,
5392,
1211,
1590,
4394,
5528,
6205,
1045,
4552,
2918,
6042,
653,
3819,
494,
4183,
7795,
678,
4325,
3110,
435,
246,
5309,
1086,
1842,
993,
4129,
5737,
2506,
586,
54,
537,
4511,
5236,
4851,
6824,
2286,
4108,
2450,
4787,
7174,
7370,
3927,
2680,
1149,
2368,
1507,
6019,
27,
2725,
7273,
1241,
2805,
1643,
7363,
1744,
6186,
2412,
1967,
268,
6726,
5596,
2297,
5712,
1901,
5197,
4594,
5648,
7880,
5891,
3257,
4279,
2591,
760,
3339,
1939,
7630,
210,
3655,
2616,
1108,
111,
7822,
3858,
3772,
2156,
7005,
6929,
5880,
3355,
7765,
205,
307,
5437,
7172,
2478,
3530,
2826,
5645,
4598,
1081,
7784,
5901,
2080,
394,
5953,
3827,
623,
1114,
789,
2483,
3633,
4272,
6400,
3083,
3413,
6491,
652,
2315,
776,
6130,
4467,
6753,
2238,
2990,
3872,
7135,
200,
2,
3500,
1543,
1597,
7909,
2982,
7194,
6699,
6663,
7311,
4894,
4823,
1248,
838,
252,
1871,
2955,
4317,
5287,
292,
2428,
1450,
3130,
6440,
737,
5849,
2545,
6505,
1934,
1424,
5010,
5672,
5514,
2943,
5351,
3943,
7013,
7136,
393,
683,
5822,
6626,
572,
6372,
284,
4697,
1895,
1899,
6412,
1864,
3281,
1529,
3082,
3254,
7045,
232,
1493,
4815,
7645,
1271,
5841,
6012,
5877,
945,
3725,
4642,
2395,
4169,
2516,
3657,
6414,
2230,
2219,
516,
4993,
2070,
3460,
7179,
5120,
3989,
2225,
3805,
5190,
6511,
1666,
7445,
5757,
6555,
2051,
2438,
3812,
1052,
6960,
778,
5688,
7778,
1726,
2221,
3511,
6448,
5713,
7758,
6568,
5691,
3437,
6791,
5752,
1542,
1820,
4069,
4140,
4844,
6872,
5249,
3487,
2998,
1337,
4536,
4544,
7111,
5176,
7587,
2044,
4696,
735,
2391,
5662,
708,
1886,
5698,
5545,
2801,
6364,
5663,
1683,
7931,
405,
168,
4971,
5578,
4341,
4526,
2126,
2398,
3791,
1332,
3976,
1268,
7763,
2840,
3878,
7805,
2953,
306,
7825,
5922,
1379,
4466,
3026,
7633,
7697,
2020,
6607,
5221,
460,
1697,
2323,
368,
354,
5568,
1922,
1463,
5771,
7147,
2678,
5022,
6482,
3677,
2813,
1386,
7942,
964,
4659,
6369,
1656,
7482,
7203,
7191,
5223,
5109,
6290,
3458,
3588,
6268,
7526,
5078,
2482,
7108,
2457,
5785,
2090,
2827,
5914,
3399,
3742,
2464,
3235,
1847,
3480,
634,
4564,
5325,
4774,
204,
2944,
561,
6668,
3801,
3541,
2733,
5508,
6318,
1198,
1540,
5486,
4247,
6673,
2910,
4095,
7358,
4036,
3548,
3263,
4730,
7886,
5284,
4497,
1110,
4624,
4489,
4609,
50,
58,
1029,
1905,
7079,
4681,
1143,
7727,
4453,
5624,
5076,
5676,
6678,
1791,
3635,
1978,
382,
6636,
777,
7419,
1217,
2198,
276,
4407,
6796,
4829,
2043,
422,
3496,
4762,
4143,
2555,
439,
2492,
7106,
4068,
2054,
7756,
688,
5361,
7667,
6102,
5209,
7341,
6573,
5055,
7747,
21,
6189,
2206,
6089,
4360,
6325,
1318,
1147,
457,
7259,
3444,
883,
3214,
6214,
7520,
3495,
3993,
906,
122,
5917,
2454,
2790,
5071,
4845,
727,
7486,
6105,
3804,
6850,
2970,
7504,
5719,
6285,
6921,
2365,
7688,
262,
2281,
6109,
4194,
7791,
5814,
480,
4273,
4734,
3614,
2480,
4340,
1654,
5991,
7764,
1881,
3327,
7334,
4953,
5580,
6808,
2341,
4120,
4587,
2564,
7978,
595,
1713,
4132,
1398,
3084,
5244,
6919,
1753,
5595,
7495,
3468,
519,
2324,
96,
283,
864,
3264,
5428,
2191,
491,
5518,
6642,
6570,
7493,
227,
3537,
5885,
4916,
6665,
1431,
6551,
1746,
3464,
4775,
3611,
6944,
327,
5312,
2521,
2926,
1230,
1323,
4336,
977,
2062,
3463,
1113,
6107,
2755,
1126,
3525,
4420,
4446,
6013,
2129,
1295,
375,
355,
3155,
2388,
7258,
1861,
3070,
6438,
3932,
2578,
5160,
1400,
4856,
2404,
2536,
2135,
16,
5150,
1709,
2838,
4419,
5128,
4268,
245,
3081,
793,
4575,
3909,
6841,
792,
7897,
1957,
5396,
5537,
44,
7902,
5799,
6094,
7745,
3142,
2593,
2568,
973,
2133,
2271,
2347,
7439,
1638,
2544,
5525,
1377,
912,
5892,
7223,
2580,
7835,
440,
7123,
1280,
3972,
568,
1755,
7446,
4937,
1517,
1456,
2484,
4826,
3240,
1599,
3871,
765,
3978,
4348,
6386,
2638,
5728,
4583,
3816,
3411,
6477,
2582,
6066,
2540,
6085,
3270,
180,
6639,
7663,
6778,
1263,
2356,
3659,
1856,
2065,
3421,
6744,
4248,
6730,
5652,
751,
6229,
1133,
5024,
1163,
5585,
3108,
601,
4989,
3711,
9,
2344,
3184,
1848,
2706,
2822,
3586,
930,
1447,
71,
7293,
2702,
2210,
7554,
6206,
6359,
7215,
3014,
7717,
817,
1003,
6499,
7310,
7479,
618,
3794,
7870,
691,
3046,
4542,
4382,
5259,
3646,
170,
6672,
5994,
4231,
2888,
2800,
3302,
1732,
1536,
5720,
7204,
5833,
1074,
5112,
3609,
7690,
7083,
6302,
2667,
528,
7004,
1192,
6226,
7858,
1578,
2405,
2729,
5866,
3330,
2223,
620,
4732,
551,
255,
6582,
6148,
4602,
1910,
3894,
1804,
981,
7,
7297,
3038,
6900,
5549,
7393,
1038,
4655,
3571,
3168,
3388,
1995,
3493,
2653,
4227,
6640,
794,
5546,
6541,
2239,
4033,
4312,
2948,
1154,
2518,
4243,
5868,
5103,
6836,
2010,
7009,
553,
1602,
529,
7740,
1391,
640,
7813,
3556,
7068,
7012,
1188,
312,
3127,
4332,
7556,
5108,
3374,
7424,
7940,
2832,
7183,
359,
5228,
5332,
1277,
5137,
7268,
1360,
2067,
7953,
4177,
1787,
163,
6931,
6063,
3641,
4439,
6382,
5946,
7761,
2029,
5049,
3340,
4476,
1371,
1370,
6192,
740,
1026,
3658,
571,
3566,
2586,
2908,
159,
3817,
351,
2338,
4014,
250,
1092,
6920,
6619,
1545,
4973,
4175,
2200,
2960,
5229,
1890,
684,
64,
7091,
6431,
6728,
513,
2185,
644,
2162,
6706,
6860,
5241,
7362,
3441,
6256,
749,
3485,
6502,
2996,
2843,
5469,
2357,
5848,
7404,
1112,
3052,
3310,
1073,
2846,
4493,
7141,
5477,
3967,
2509,
7709,
1069,
3629,
2366,
4098,
1367,
5132,
102,
175,
3426,
2967,
3222,
5767,
6286,
7039,
1129,
1254,
773,
7640,
7979,
7428,
7864,
6244,
5058,
3352,
2539,
5661,
7095,
1940,
7000,
2782,
3964,
5344,
4109,
5726,
1453,
5457,
3154,
5711,
7157,
7432,
4904,
1228,
3940,
7930,
1814,
4395,
6527,
7844,
5439,
1106,
5125,
7960,
4261,
5644,
4265,
2919,
97,
2117,
2507,
2904,
325,
2646,
2570,
7855,
3792,
2715,
5262,
7968,
1178,
4789,
7573,
3064,
5979,
6922,
7473,
408,
5299,
10,
1756,
2581,
4482,
2903,
6819,
4935,
7961,
2213,
2448,
4569,
3461,
3331,
3152,
7238,
2053,
6043,
5266,
7014,
615,
4122,
3998,
3450,
6020,
6896,
2226,
3074,
2549,
6462,
3574,
3781,
1909,
5905,
7611,
7594,
5828,
2566,
2950,
7711,
4665,
3954,
6061,
2954,
6279,
6907,
1201,
3434,
5857,
7200,
2783,
5399,
7780,
6904,
4731,
2741,
7332,
5200,
1677,
5778,
2251,
967,
3098,
1874,
15,
7810,
5202,
3312,
6299,
4286,
6351,
4678,
3021,
1330,
1288,
3135,
5045,
5544,
6999,
4292,
3289,
3452,
1906,
7229,
7866,
6149,
802,
5531,
5488,
4030,
7946,
868,
2976,
7776,
6537,
4703,
6775,
1251,
7270,
2266,
2695,
2247,
5459,
4299,
2176,
5073,
1357,
4334,
6177,
1635,
4733,
1652,
2060,
239,
384,
790,
4876,
5507,
1855,
5062,
3942,
584,
5449,
3645,
3919,
2362,
833,
1968,
5006,
3232,
6272,
125,
300,
6395,
3394,
1464,
3642,
664,
6323,
7195,
7609,
6115,
1907,
5245,
5984,
542,
885,
5180,
4342,
3048,
7501,
6604,
1275,
1790,
2713,
4555,
5836,
5944,
2761,
6589,
6773,
7515,
3640,
337,
4554,
1099,
6114,
809,
1310,
2178,
2057,
2751,
3013,
5298,
5954,
3818,
7913,
1877,
6136,
4017,
3630,
4638,
1960,
6373,
1187,
294,
7292,
6338,
2979,
2041,
3073,
2700,
1524,
3687,
2487,
1817,
1808,
4092,
4326,
7583,
579,
6768,
5935,
5033,
6670,
1413,
5974,
4849,
7619,
7680,
1838,
2605,
2896,
7359,
2349,
4343,
233,
155,
7589,
356,
6108,
7751,
7352,
1210,
7474,
3830,
2984,
6472,
2019,
2146,
6100,
3047,
7377,
1932,
1225,
414,
6055,
4766,
4391,
179,
4603,
2972,
782,
2253,
4790,
2406,
6335,
5423,
4461,
7883,
2015,
2941,
234,
5296,
2635,
4475,
78,
7549,
5784,
7400,
1324,
3250,
5513,
7251,
3136,
5592,
7140,
6366,
6532,
7590,
6788,
720,
188,
6254,
4213,
6384,
6193,
6879,
2901,
2925,
5188,
5143,
7724,
4541,
6725,
361,
3414,
5065,
7839,
5003,
6394,
2485,
1122,
2493,
7475,
1674,
7102,
4676,
3443,
5403,
152,
7351,
3696,
1724,
106,
3884,
5581,
5649,
2899,
2722,
3384,
2014,
7807,
7694,
2759,
4899,
6908,
296,
876,
6402,
4302,
6747,
2322,
4902,
411,
1395,
1326,
3697,
7231,
7426,
2108,
5627,
5130,
7458,
1930,
7755,
7476,
7148,
1980,
6183,
668,
1831,
5056,
5832,
6633,
7442,
6736,
1962,
658,
590,
3239,
889,
4571,
2898,
2900,
6439,
6222,
6168,
3576,
6407,
2541,
2727,
4754,
3809,
1792,
6943,
3207,
5140,
4329,
6010,
5490,
6531,
7072,
6637,
2218,
661,
3131,
4538,
7232,
904,
198,
2128,
6332,
4233,
5776,
6292,
2837,
3790,
4385,
7714,
3116,
3678,
5876,
7436,
5463,
6425,
5390,
5871,
4067,
1751,
318,
4376,
2914,
7600,
1818,
5574,
1405,
1484,
3324,
3895,
706,
4930,
3598,
6782,
6331,
5322,
4936,
5854,
2413,
7670,
1528,
4599,
675,
3856,
4756,
6150,
7242,
2243,
3710,
6486,
7496,
4498,
259,
2209,
7623,
7545,
4181,
7914,
2701,
7779,
3721,
1207,
7440,
2001,
4604,
6938,
2204,
7385,
5608,
1466,
1688,
509,
2123,
524,
4726,
6406,
1142,
4460,
5940,
3376,
6703,
2345,
7848,
4308,
4954,
6389,
1548,
7857,
3248,
4804,
1004,
712,
6138,
6659,
6112,
6584,
6090,
5714,
3241,
7652,
2574,
6698,
810,
4483,
6159,
6311,
3229,
1565,
1302,
1259,
4434,
5422,
2517,
3122,
3746,
4154,
5723,
4871,
503,
1983,
1840,
689,
2634,
6471,
2289,
4897,
2320,
2608,
983,
7929,
7330,
2883,
3844,
4866,
5442,
850,
2165,
2264,
2510,
4923,
6611,
3439,
5969,
5319,
3654,
49,
5320,
2023,
6347,
3368,
2611,
4900,
51,
6073,
5859,
6936,
4694,
7529,
4202,
6793,
311,
1165,
650,
7281,
5738,
6188,
2963,
433,
5909,
2850,
7829,
2526,
490,
3922,
6817,
3019,
4523,
5839,
4991,
167,
2554,
2775,
505,
2087,
4698,
3681,
5656,
6326,
3197,
6818,
5418,
7568,
2468,
1959,
6301,
4024,
3671,
7557,
1866,
3195,
2298,
6039,
3603,
5329,
2100,
4190,
2935,
4263,
3435,
5095,
59,
3025,
5942,
6852,
1669,
6829,
3215,
5194,
3741,
5684,
2704,
2831,
5165,
648,
4628,
7659,
3121,
3448,
6018,
6926,
6129,
6246,
4654,
3147,
3106,
3275,
1708,
4063,
183,
1754,
559,
4996,
4582,
5170,
6880,
427,
228,
4229,
5929,
288,
1283,
4469,
2004,
7849,
5050,
1439,
5431,
6135,
5409,
662,
184,
7340,
5478,
2666,
7766,
7309,
6079,
7588,
6140,
7348,
37,
4410,
6179,
804,
5237,
6804,
8000,
6310,
764,
4104,
539,
5368,
7243,
4773,
7602,
5567,
5218,
6832,
3164,
4163,
1013,
4102,
5706,
3946,
7720,
2074,
112,
7701,
7409,
7162,
7797,
6655,
7164,
6078,
4684,
855,
1136,
7647,
4705,
4606,
7677,
2977,
2092,
6463,
353,
2865,
2017,
1586,
7792,
3428,
6942,
3833,
7285,
1031,
2637,
5915,
877,
5100,
1774,
939,
2777,
3128,
7944,
4589,
6144,
297,
3523,
3015,
7056,
5277,
7117,
621,
2288,
4441,
4374,
7030,
597,
5113,
5388,
3093,
7466,
2659,
3300,
1425,
6928,
2655,
36,
3877,
5172,
4355,
6708,
990,
5960,
5384,
2211,
6360,
6888,
2760,
2997,
1949,
5542,
484,
4952,
3205,
88,
2617,
1231,
1892,
7128,
3859,
5561,
1664,
5671,
213,
3997,
2220,
2650,
6893,
6322,
6242,
2657,
217,
7959,
6746,
6732,
3315,
7480,
6014,
1506,
5575,
1917,
244,
3267,
6240,
7689,
1637,
4349,
3823,
486,
3092,
4987,
6845,
5222,
1390,
5215,
1854,
6493,
7650,
5526,
969,
2321,
3939,
7912,
7302,
1591,
7430,
2622,
2504,
5317,
5976,
546,
6096,
2071,
1811,
4992,
1374,
7827,
1816,
7582,
1846,
4015,
5957,
4919,
6045,
565,
4770,
3808,
5748,
5860,
1193,
1182,
2871,
4725,
4428,
7379,
6770,
2819,
6263,
6579,
3256,
6647,
7658,
3578,
2256,
7962,
1749,
2894,
4234,
161,
5972,
1522,
1889,
5163,
1383,
867,
206,
1321,
3854,
2522,
7973,
2711,
4867,
4084,
4779,
4568,
3728,
1212,
458,
3567,
7773,
2304,
7974,
7852,
7910,
6892,
392,
3279,
4852,
3420,
4251,
4429,
5297,
6444,
4298,
6209,
5069,
3761,
3756,
95,
2006,
1632,
4810,
2299,
2786,
286,
5273,
5634,
3814,
6970,
5830,
4416,
7152,
5327,
4983,
2353,
7519,
853,
2788,
5534,
7074,
4570,
6776,
4812,
5846,
7749,
2158,
7209,
4082,
954,
3401,
2956,
6562,
5675,
2334,
3520,
1077,
4366,
7684,
1454,
3145,
5933,
4561,
5474,
6133,
3991,
6643,
1100,
2024,
7301,
99,
7988,
2927,
3072,
4054,
7540,
4495,
5766,
7497,
5473,
5548,
557,
7757,
4100,
5401,
7722,
1852,
2075,
6080,
3133,
3762,
2232,
3679,
2274,
7103,
434,
6164,
3903,
1035,
4611,
6634,
1547,
2284,
5080,
693,
3952,
29,
6413,
7932,
4000,
4805,
1011,
1728,
2018,
6161,
1245,
1382,
1103,
4042,
207,
25,
4245,
6701,
534,
2762,
2527,
103,
6072,
986,
1470,
2736,
22,
87,
3211,
7134,
1903,
7090,
1723,
6992,
4422,
3554,
3497,
1685,
801,
7730,
860,
1984,
7502,
5928,
4262,
6451,
2085,
6724,
5046,
79,
6649,
4533,
5199,
2559,
2587,
2529,
1308,
5129,
2094,
5636,
651,
6289,
7889,
1238,
3512,
2150,
888,
695,
7675,
4610,
2607,
1087,
3638,
907,
2847,
2781,
4372,
1235,
5243,
3261,
2523,
2684,
3088,
4414,
5433,
4771,
4578,
5485,
7464,
2002,
6969,
2551,
3832,
7562,
4957,
3995,
6510,
2563,
3604,
1690,
4386,
3593,
2842,
4047,
1825,
3457,
265,
6122,
4259,
4675,
2098,
4640,
2439,
1079,
5576,
7700,
3269,
1224,
2201,
6397,
1411,
5057,
3188,
1341,
1706,
4827,
6899,
772,
5807,
3683,
7402,
2964,
7187,
3870,
1780,
6761,
431,
6826,
5435,
2624,
3208,
264,
6342,
4311,
3928,
7052,
3041,
1438,
4397,
3663,
4768,
4634,
1459,
2142,
2815,
991,
1526,
4321,
3923,
3557,
1624,
5775,
2401,
6126,
271,
733,
2418,
6760,
4714,
146,
4447,
5936,
988,
35,
6834,
4853,
2151,
4716,
2575,
5085,
3653,
7416,
1678,
5441,
3543,
4884,
1740,
560,
510,
5682,
3139,
6883,
4830,
3040,
5602,
4686,
334,
6709,
4977,
1752,
7241,
94,
578,
4898,
5611,
957,
4842,
247,
3925,
4869,
3123,
1953,
3969,
7307,
5937,
1589,
3305,
1824,
132,
320,
7543,
2784,
3237,
4295,
2241,
7082,
5591,
3840,
1872,
1646,
471,
3970,
6236,
4955,
891,
7099,
1519,
2159,
390,
6606,
5958,
1177,
502,
925,
1750,
492,
6766,
3303,
4863,
5884,
6350,
832,
2579,
1315,
4514,
2929,
2489,
5618,
7524,
911,
4345,
3375,
4817,
6762,
5904,
1615,
3624,
978,
1130,
1563,
4946,
2705,
6343,
5014,
4887,
7966,
4798,
3453,
7237,
2770,
2069,
6296,
916,
7896,
6455,
397,
3349,
6566,
926,
6190,
6522,
6572,
3228,
3891,
924,
6305,
7860,
943,
70,
3243,
7483,
6993,
933,
4424,
4984,
2644,
6516,
669,
1668,
7171,
4506,
1418,
4607,
4723,
2987,
3826,
3529,
3380,
7408,
1417,
6165,
220,
7585,
5316,
3936,
7820,
3175,
5254,
6419,
747,
7682,
5020,
1859,
5555,
7759,
5324,
5577,
4741,
7247,
2674,
3471,
3044,
5569,
5415,
5837,
5334,
4173,
7323,
4201,
1822,
4131,
587,
1924,
5715,
2132,
6697,
5328,
1781,
475,
4224,
819,
6162,
523,
110,
6542,
4318,
7315,
4577,
6490,
7981,
2951,
5416,
6954,
3552,
32,
18,
5939,
1001,
82,
2169,
1322,
7097,
3350,
3945,
5446,
3691,
2565,
2916,
5610,
1974,
4147,
143,
7823,
2528,
6774,
6211,
532,
133,
4115,
5827,
3276,
903,
1206,
5781,
2969,
2027,
3396,
2479,
5270,
1767,
6882,
3618,
3050,
5625,
3876,
3799,
7073,
5292,
2378,
4113,
1574,
3900,
4524,
2254,
2933,
6274,
2779,
251,
5037,
1285,
3200,
6062,
1442,
642,
1798,
1730,
2463,
3704,
1445,
2696,
7196,
3949,
3851,
4411,
1660,
7274,
7269,
3067,
3224,
2876,
6174,
256,
189,
576,
2314,
6769,
6718,
7715,
845,
7435,
5213,
7678,
822,
4232,
647,
2013,
3787,
7544,
2583,
4347,
4198,
5590,
1585,
6613,
6398,
3328,
3516,
7903,
5554,
2851,
7850,
3514,
5380,
4649,
7460,
1476,
1115,
2242,
5171,
6807,
3418,
2730,
6719,
1613,
3055,
622,
1472,
6250,
2619,
6750,
5899,
5116,
3144,
2712,
6974,
6198,
1712,
135,
1936,
243,
5082,
313,
7028,
1364,
5367,
1036,
1514,
4922,
3786,
5135,
1987,
7579,
7472,
1667,
1676,
2661,
493,
3004,
6624,
7726,
3112,
4759,
4626,
7683,
1729,
4241,
2458,
6210,
3926,
3666,
6932,
1155,
7161,
1138,
469,
7513,
940,
5269,
1406,
2934,
7456,
6863,
4502,
6971,
4124,
1595,
6436,
3393,
6357,
3258,
2799,
2393,
2833,
5376,
5246,
6146,
1203,
6950,
7109,
7748,
3467,
2503,
913,
4833,
3101,
5519,
5655,
5824,
1046,
5201,
3550,
114,
6303,
5754,
3757,
4093,
3534,
7133,
2421,
3768,
5377,
6799,
6617,
1486,
3333,
61,
6681,
3564,
1941,
1636,
7741,
6058,
3369,
815,
5250,
4873,
6227,
2224,
4367,
1102,
3427,
39,
6739,
7252,
6941,
3686,
456,
4778,
1116,
6543,
7120,
1478,
5500,
142,
7605,
5260,
6235,
594,
4338,
104,
511,
4737,
4925,
5354,
4932,
6646,
291,
5803,
413,
1857,
915,
19,
3033,
2500,
4137,
6170,
3335,
6098,
7811,
3730,
5079,
6801,
4228,
5842,
972,
3234,
6512,
7222,
193,
7051,
6918,
24,
7267,
1535,
3966,
5613,
4890,
2435,
7465,
5274,
7227,
138,
1085,
2584,
3873,
2237,
229,
2682,
2291,
7205,
7951,
7947,
1999,
7679,
7878,
7571,
4780,
966,
5626,
7066,
1067,
4324,
3451,
2758,
5159,
6006,
4038,
100,
1247,
2116,
2742,
4539,
3283,
7666,
1119,
2577,
1306,
2834,
4039,
5,
266,
2124,
5455,
5890,
2629,
2443,
3621,
2312,
4990,
6375,
5780,
2848,
6686,
878,
1344,
5631,
4252,
660,
470,
527,
617,
272,
5795,
7121,
436,
2152,
2592,
379,
1467,
6474,
7707,
2860,
4901,
805,
1144,
2873,
2560,
1205,
6095,
639,
781,
2920,
5346,
2836,
2505,
567,
5025,
6870,
7814,
3379,
4708,
4141,
6166,
1404,
6378,
3713,
5365,
4103,
4402,
1640,
1651,
5980,
2931,
5450,
5843,
6139,
7357,
5145,
4958,
2101,
2714,
5489,
6047,
1884,
3483,
3793,
2878,
7202,
1173,
2756,
7954,
7257,
5369,
5311,
2104,
91,
2546,
941,
4462,
6666,
7392,
5383,
1037,
2930,
6284,
2319,
7786,
7397,
6764,
3356,
6731,
5425,
4472,
2474,
1290,
1053,
3726,
4023,
6894,
1501,
166,
62,
574,
828,
7366,
2008,
3364,
194,
2400,
6844,
2028,
2676,
6977,
279,
6497,
6559,
1794,
2437,
6053,
1679,
6176,
7427,
5461,
5487,
1065,
2870,
3848,
7447,
7703,
6871,
2561,
3271,
1253,
4016,
6265,
3963,
7168,
4002,
7915,
5440,
857,
410,
2791,
2882,
6653,
5358,
3011,
1562,
4304,
3698,
2748,
1620,
5615,
6520,
3054,
7917,
1485,
3115,
5811,
3178,
153,
5516,
4666,
3749,
4041,
6069,
2228,
5772,
4875,
3724,
6585,
563,
5938,
6293,
1158,
3389,
7386,
2363,
1489,
4127,
2153,
5335,
2856,
211,
4499,
6298,
7349,
7234,
6454,
483,
5704,
1342,
3643,
7115,
7908,
2774,
6266,
7783,
2082,
4965,
4964,
5338,
1812,
7127,
5382,
7026,
2417,
1916,
7139,
1605,
2455,
3086,
3180,
2631,
955,
7626,
5586,
674,
1764,
1806,
1313,
459,
7646,
1063,
2780,
2627,
5421,
919,
5271,
6025,
5303,
4509,
7154,
4157,
6415,
2052,
2121,
636,
6884,
6957,
4485,
5686,
5632,
3835,
725,
6220,
4353,
2419,
2351,
3881,
5647,
7739,
3095,
3341,
3290,
1518,
4546,
1611,
6749,
2192,
6972,
1788,
2170,
2995,
1278,
495,
1076,
2262,
6787,
5462,
7603,
6540,
1860,
3692,
2746,
1559,
2179,
3141,
309,
1028,
3338,
7576,
7651,
2050,
5189,
3478,
7286,
177,
5196,
6720,
4622,
5802,
3345,
6255,
4545,
7312,
6017,
4939,
4226,
5687,
1237,
6867,
2106,
756,
5342,
5364,
5017,
5556,
5258,
7236,
4600,
831,
1048,
4960,
6713,
3661,
6204,
417,
5796,
1319,
3006,
6616,
4914,
3914,
6101,
4549,
3085,
5628,
5089,
598,
2039,
4929,
4595,
1191,
3587,
4085,
635,
7371,
3767,
5075,
3555,
5362,
2928,
6556,
1612,
6521,
774,
6316,
3960,
7840,
3706,
7067,
5538,
2031,
2936,
4053,
1018,
722,
420,
3179,
1412,
178,
3669,
3326,
714,
5985,
5527,
7533,
6257,
4327,
7656,
2077,
3167,
7846,
6199,
2373,
6539,
4795,
5882,
275,
6987,
3559,
1503,
6417,
1935,
732,
4070,
68,
3404,
7874,
5217,
113,
514,
1307,
4076,
672,
4111,
3429,
6124,
7240,
7421,
2367,
5008,
1836,
7754,
5681,
3473,
3508,
144,
2163,
4519,
7872,
4974,
2383,
1579,
7845,
1440,
7130,
580,
4950,
1232,
1179,
465,
5115,
1184,
5427,
5087,
1293,
4758,
7226,
2255,
2486,
614,
4682,
3,
4878,
2632,
4126,
3466,
6780,
858,
1914,
4062,
5053,
7420,
1399,
2807,
4310,
2962,
3627,
575,
461,
848,
7485,
2154,
7206,
441,
6387,
5999,
690,
5304,
3309,
7662,
762,
1686,
2589,
4961,
3066,
4433,
7233,
450,
1258,
123,
1338,
3260,
4454,
6729,
3397,
2501,
3438,
1471,
2531,
1879,
2456,
4012,
1349,
1566,
6348,
7945,
3999,
1673,
7627,
6771,
1127,
1604,
4458,
2227,
2389,
5117,
4195,
6700,
6876,
2285,
5148,
7011,
6752,
3782,
2625,
6195,
6495,
5562,
2681,
1409,
4316,
6099,
5599,
4216,
2442,
3313,
7634,
5239,
1027,
5195,
585,
5770,
6009,
1189,
1603,
6657,
4220,
6392,
6952,
6157,
1698,
5495,
956,
729,
4767,
4418,
6230,
5092,
871,
5692,
2567,
921,
1977,
2495,
6370,
6324,
2451,
74,
7031,
5118,
6680,
6277,
1380,
263,
7591,
4088,
3486,
938,
295,
1998,
3382,
6048,
6368,
1017,
2294,
4847,
7950,
2538,
6523,
6803,
5081,
4926,
4671,
5028,
2550,
33,
5966,
2415,
3694,
1060,
6007,
5448,
2757,
830,
4097,
5175,
5588,
1537,
1265,
1742,
3896,
7434,
4473,
5572,
5481,
4976,
7208,
258,
7449,
1202,
4138,
4951,
1407,
3606,
6015,
6792,
6022,
7996,
4107,
6795,
5275,
1776,
7691,
7125,
2688,
6097,
4630,
6821,
2263,
6234,
4020,
6989,
3071,
1252,
4488,
5679,
3861,
1735,
698,
5855,
854,
1430,
7094,
6501,
4208,
219,
1078,
7980,
2855,
129,
1994,
1286,
7563,
2917,
477,
2911,
400,
6233,
7742,
2735,
8,
6651,
5617,
742,
500,
522,
1867,
901,
6158,
2957,
6580,
6916,
208,
472,
6196,
1209,
1826,
7382,
1005,
3472,
6314,
6615,
7550,
1298,
3810,
1019,
5272,
1875,
4083,
4912,
1725,
4752,
6447,
2798,
7948,
799,
4150,
4206,
1784,
7800,
4909,
1841,
3758,
3528,
2399,
6134,
4645,
1243,
1329,
2068,
604,
1873,
2325,
4527,
2250,
4505,
1267,
1153,
2937,
5290,
1483,
4217,
4518,
81,
4745,
115,
4464,
1419,
946,
1061,
3975,
1449,
3583,
4797,
316,
2947,
2283,
5294,
6683,
890,
6811,
3647,
3536,
6561,
4387,
5551,
3477,
3492,
4618,
588,
2932,
6333,
5547,
1261,
599,
2282,
3323,
7451,
5043,
1883,
5452,
2157,
6319,
952,
1366,
1169,
4456,
5178,
4584,
4736,
3699,
3502,
7898,
6488,
3705,
5852,
4214,
3436,
60,
6959,
837,
455,
7804,
5255,
5306,
1376,
4503,
5336,
7816,
6064,
1008,
2752,
2907,
6598,
7399,
2149,
3934,
7668,
7418,
1083,
3104,
5187,
7938,
5722,
3540,
555,
5162,
6264,
7304,
5044,
3107,
7230,
6831,
6453,
241,
4314,
7990,
4683,
6187,
4650,
3363,
744,
2102,
6695,
287,
1498,
7244,
4986,
7828,
7936,
1346,
1997,
679,
4144,
1266,
5134,
7022,
4685,
6714,
2520,
1279,
2342,
3610,
816,
7536,
3962,
201,
5454,
6121,
3715,
5600,
6480,
7685,
2776,
835,
3736,
3883,
7375,
769,
5387,
2806,
2465,
6317,
7774,
6557,
2841,
2141,
5609,
4013,
278,
2662,
5932,
1815,
7153,
4468,
5865,
5867,
667,
5685,
7830,
1573,
2978,
1304,
5191,
4001,
1520,
2292,
5725,
4988,
2036,
998,
4839,
1975,
6777,
20,
1388,
2686,
5657,
4516,
2012,
5389,
269,
1024,
5302,
641,
5701,
5205,
3244,
2769,
7775,
3342,
7887,
4969,
6905,
2339,
5152,
350,
3017,
6745,
2913,
2194,
3984,
3958,
7636,
5831,
1403,
3531,
4997,
1311,
1715,
253,
1851,
7824,
4785,
4877,
3553,
2061,
1097,
236,
3811,
6306,
4046,
2670,
5136,
5408,
3857,
2623,
5607,
3447,
2488,
6577,
5912,
3673,
5359,
7888,
2938,
4448,
2461,
767,
7032,
1227,
6779,
6247,
3129,
3286,
242,
5699,
2407,
4574,
5670,
3378,
5146,
625,
927,
2302,
7937,
875,
6866,
3194,
6249,
6784,
2490,
1075,
7687,
1146,
4417,
4862,
1451,
496,
5820,
2111,
5744,
6231,
6949,
1775,
1043,
1891,
1765,
673,
1659,
7374,
6963,
7452,
4315,
2309,
5206,
7080,
7245,
7686,
5315,
2086,
825,
5541,
577,
5289,
5414,
5133,
3838,
5012,
3134,
3780,
1921,
7057,
1530,
5276,
3800,
6202,
4998,
3979,
4438,
6270,
4254,
1104,
3533,
7093,
5400,
389,
487,
7235,
948,
6111,
3117,
367,
2863,
3910,
5810,
7863,
3887,
4717,
6504,
4557,
1161,
6755,
4608,
6809,
3577,
7965,
7295,
5261,
7276,
5800,
759,
1172,
6065,
5919,
723,
1759,
4142,
6475,
373,
4322,
6355,
7551,
3036,
4567,
4994,
4478,
1576,
851,
5517,
7417,
2597,
1434,
4868,
1783,
5467,
3701,
7843,
6733,
7869,
1096,
5212,
7821,
2343,
610,
1887,
2166,
5804,
7991,
4253,
4585,
3551,
6707,
1185,
6564,
1305,
745,
5052,
1199,
3971,
5345,
2537,
273,
5097,
4056,
6945,
7721,
1902,
5813,
4415,
5301,
6891,
7021,
606,
596,
5460,
5447,
3204,
6721,
5558,
6252,
1465,
6077,
2168,
1944,
6660,
4809,
4412,
3032,
3063,
738,
5186,
7395,
2649,
7900,
7615,
1533,
2654,
2556,
2235,
3166,
5412,
3620,
1795,
3507,
2195,
1481,
5716,
703,
7584,
7118,
3562,
3572,
2671,
6470,
7613,
3584,
4156,
5934,
2796,
1989,
1058,
7802,
5530,
6180,
2333,
5227,
6106,
2548,
237,
6262,
3684,
1631,
3249,
5825,
4172,
4333,
6865,
1101,
7046,
4621,
3024,
1813,
6814,
1299,
2222,
2423,
7768,
5594,
4010,
1194,
3769,
5426,
959,
1408,
7696,
7955,
3018,
4437,
4328,
5307,
3592,
1521,
462,
569,
5088,
6682,
7790,
7035,
6336,
7488,
5410,
7189,
5210,
5341,
2350,
3634,
6203,
7129,
2175,
3282,
3506,
399,
3307,
6070,
1429,
4146,
7984,
4430,
5015,
4747,
52,
6283,
6685,
3771,
5482,
3226,
7672,
4049,
3321,
7794,
7437,
4704,
4662,
582,
326,
1242,
145,
541,
1525,
3196,
6535,
345,
5601,
1049,
6797,
6473,
593,
1981,
7303,
5501,
3693,
7173,
6433,
5018,
2749,
1351,
4413,
922,
423,
2422,
7113,
2983,
1272,
4128,
5077,
5881,
4520,
3336,
452,
7884,
2845,
7537,
7369,
1494,
4854,
3921,
1002,
6722,
6328,
7389,
3569,
7614,
6001,
3005,
934,
2912,
1834,
7036,
4641,
6361,
226,
3185,
6529,
719,
407,
4874,
7506,
5007,
6104,
4559,
7681,
7641,
4436,
3319,
974,
6625,
649,
1462,
6654,
1963,
4631,
7112,
3619,
996,
7078,
3383,
1577,
5642,
5707,
5226,
1926,
5948,
2177,
4948,
181,
1973,
5000,
362,
2317,
3815,
7505,
1555,
5466,
7628,
2691,
5102,
6163,
1118,
28,
2076,
896,
6339,
7796,
985,
1896,
570,
5340,
2830,
4706,
5539,
3847,
4064,
2134,
3359,
6748,
3626,
2732,
1196,
7911,
2303,
540,
6403,
6215,
2921,
1733,
4134,
3058,
6630,
4781,
6329,
4840,
328,
4079,
944,
4687,
4278,
870,
185,
1269,
4547,
3080,
3863,
5897,
4274,
4880,
4354,
5570,
447,
7559,
1435,
1140,
2897,
3109,
2083,
2498,
5510,
2895,
5696,
3563,
6840,
1109,
4620,
4513,
7692,
5658,
2787,
5233,
5480,
3987,
931,
2364,
5896,
5756,
254,
3719,
1843,
1475,
7861,
333,
4999,
358,
1797,
192,
2750,
2326,
2481,
2453,
852,
2811,
1180,
5402,
3546,
2614,
3807,
4796,
5124,
6856,
7248,
4713,
1773,
2628,
2130,
4,
4350,
5523,
879,
2844,
6309,
2139,
5192,
4159,
2473,
4368,
6554,
6004,
89,
7491,
4257,
863,
4061,
1041,
6458,
5864,
5019,
3459,
5314,
7144,
3043,
4423,
7949,
3907,
6816,
3102,
4601,
4943,
533,
7578,
7653,
6667,
5646,
6965,
7733,
346,
4933,
6833,
2810,
5765,
2137,
5465,
319,
150,
6679,
4843,
5808,
4363,
3623,
7058,
2766,
3912,
670,
2440,
5819,
2874,
3879,
3929,
416,
73,
750,
2472,
1736,
4330,
4075,
6035,
6901,
466,
4915,
6968,
23,
6912,
3722,
3143,
2095,
768,
3034,
2394,
4581,
6885,
3030,
2818,
6981,
3581,
520,
7538,
908,
3774,
7346,
1032,
5444,
3802,
7832,
4136,
6544,
4179,
4850,
2420,
7308,
6868,
1695,
3986,
126,
786,
3526,
3750,
7606,
4155,
6627,
6524,
7114,
897,
3280,
7637,
7867,
7049,
2107,
3223,
6656,
3320,
3156,
5326,
6864,
5759,
2429,
6517,
827,
1988,
3456,
5798,
3515,
1512,
626,
4801,
1805,
1770,
5070,
7671,
4249,
3955,
4832,
7325,
5886,
5812,
6973,
701,
6312,
5288,
4623,
3206,
5253,
7873,
4786,
7288,
5794,
5669,
873,
4941,
3337,
3755,
4777,
7170,
4886,
6610,
3901,
5529,
1167,
4435,
3579,
315,
2562,
504,
5535,
6723,
4903,
6,
3617,
3544,
699,
2652,
1320,
2511,
4284,
6717,
4405,
4339,
6441,
5961,
7638,
4491,
2244,
1986,
4834,
6269,
5769,
1911,
5181,
7503,
6388,
4305,
488,
4639,
4861,
6997,
4521,
5697,
6027,
7836,
942,
1684,
6545,
7958,
4474,
7344,
5252,
6553,
4455,
5731,
4196,
5622,
1554,
4908,
3899,
4266,
5039,
4246,
76,
515,
6526,
3727,
3062,
7266,
4979,
5943,
83,
3236,
6711,
7762,
5786,
7567,
7098,
5168,
2477,
525,
4289,
1117,
6116,
4500,
5502,
895,
5749,
6710,
1710,
53,
1868,
685,
834,
7138,
3784,
2803,
5678,
2136,
1448,
4825,
2633,
3227,
6593,
298,
4044,
715,
7976,
3908,
4200,
566,
3662,
4250,
5815,
4369,
7546,
3010,
6152,
7101,
305,
2858,
1021,
388,
6087,
2864,
6913,
4906,
6409,
6178,
7718,
5532,
5499,
1880,
1845,
2359,
1796,
1030,
6068,
2355,
1204,
2307,
4548,
2645,
4148,
7186,
2047,
4477,
3937,
3386,
3099,
869,
965,
726,
5743,
951,
4625,
5818,
5305,
6596,
6411,
6353,
4277,
2460,
3317,
3869,
3613,
6494,
324,
7313,
127,
2603,
174