10000

0
0
0
0
1
1
1
2
2
2
2
3
3
3
3
4
4
4
5
5
5
5
6
7
7
9
10
10
10
10
11
11
12
12
12
12
13
13
13
13
14
14
14
14
14
16
16
16
16
16
16
17
17
17
17
18
18
19
19
19
19
19
20
20
21
22
23
24
24
24
25
25
25
25
25
25
25
26
27
27
27
27
28
28
28
28
29
29
29
29
29
29
29
29
30
31
31
31
31
31
32
32
32
32
33
33
33
34
34
34
34
35
35
36
36
36
36
37
37
38
38
38
38
39
40
40
40
40
41
41
41
41
41
41
42
42
42
42
43
43
43
44
44
44
44
45
45
45
45
45
46
46
46
47
47
47
47
48
48
48
48
48
48
49
49
49
50
50
51
52
52
52
52
52
52
53
53
53
53
53
53
54
54
54
54
55
55
55
55
55
56
56
56
57
58
58
58
58
58
58
58
59
59
59
60
60
60
60
60
61
61
61
61
61
62
62
62
63
63
63
64
64
64
64
64
65
65
66
66
67
67
67
68
68
68
69
69
70
71
71
71
72
72
72
72
72
73
74
75
75
76
76
76
77
77
77
77
77
78
78
78
78
78
79
79
79
79
79
79
79
80
80
80
80
80
81
81
81
81
81
82
82
82
82
82
83
83
84
84
84
84
84
85
85
85
86
86
86
87
88
88
88
89
89
90
90
90
90
90
90
90
90
91
91
91
91
91
91
91
92
92
93
93
93
93
93
93
93
94
94
94
94
95
95
95
96
96
96
96
96
96
96
96
97
97
97
97
97
98
98
98
99
99
99
100
101
102
102
102
102
102
103
103
103
103
104
104
104
104
104
105
105
105
105
105
106
106
106
106
107
107
107
107
107
107
107
108
108
108
109
109
110
110
111
111
112
113
113
113
115
115
115
116
116
116
116
117
118
119
119
119
120
120
120
120
121
121
121
121
122
122
122
122
122
122
123
123
124
124
124
124
124
124
126
126
127
127
127
127
128
128
128
129
129
130
131
131
132
132
132
132
132
132
133
133
134
134
134
134
135
135
135
135
135
135
136
137
138
138
138
140
140
140
141
141
142
142
142
143
143
144
144
144
144
145
145
145
146
146
146
147
147
148
148
148
148
149
150
150
150
150
151
152
152
152
152
152
153
153
153
154
154
154
154
154
154
154
155
155
155
155
156
157
157
157
158
158
159
159
159
159
159
159
159
159
160
160
160
160
160
160
160
161
161
161
161
162
162
162
162
162
162
163
163
163
163
163
163
165
165
165
165
166
166
166
166
167
167
167
167
167
167
168
168
168
169
170
170
170
170
170
170
171
171
172
172
172
172
172
173
173
173
173
174
174
174
175
175
176
176
176
176
176
177
177
177
178
178
178
179
179
179
179
179
180
180
180
181
181
181
182
182
182
182
183
183
183
183
183
183
184
184
184
184
185
185
185
185
186
186
186
186
186
186
186
187
187
188
188
188
188
188
189
189
189
190
190
190
190
192
193
193
193
193
193
194
194
194
195
195
195
195
196
196
196
196
197
197
198
198
198
198
198
200
200
200
201
201
201
201
201
201
201
201
201
202
203
203
204
204
204
204
204
205
205
205
205
206
206
206
206
207
207
207
207
207
208
208
208
208
208
210
210
210
210
211
211
211
212
212
212
213
213
214
214
214
214
214
214
214
215
215
215
215
215
215
216
216
216
216
216
217
217
218
218
218
219
219
219
220
220
220
220
220
221
221
223
223
223
224
224
224
225
226
228
228
228
229
229
229
231
231
231
231
231
232
233
233
234
234
234
235
235
236
236
237
237
237
237
237
238
238
238
239
239
239
239
241
241
241
242
242
243
243
243
243
244
244
244
244
244
244
244
245
245
246
246
246
247
247
247
248
248
249
249
249
249
249
250
250
251
251
251
251
252
252
252
252
252
253
254
254
254
254
254
254
255
256
257
257
258
259
259
259
261
261
262
262
262
262
262
263
263
263
263
263
264
264
264
265
265
265
265
265
266
266
266
266
266
266
267
267
267
268
268
268
269
269
270
270
270
270
270
270
270
271
271
271
271
272
272
272
272
273
273
273
273
273
274
274
274
274
275
275
276
276
277
277
277
277
277
278
278
278
279
279
279
279
279
280
280
280
281
281
281
281
281
281
281
281
282
282
282
282
283
283
283
283
284
284
285
285
286
286
287
287
287
288
288
288
288
289
289
290
290
290
290
290
291
292
292
292
293
293
294
294
295
295
295
295
296
297
297
297
297
297
298
298
298
298
298
298
299
299
299
299
300
300
300
301
301
301
302
302
302
303
303
303
303
304
304
304
304
304
305
305
306
306
306
306
307
307
308
309
309
309
309
310
310
310
310
311
312
312
312
312
313
314
314
315
315
315
315
315
316
316
316
317
317
317
318
318
318
318
319
320
320
320
320
321
321
321
321
322
322
322
323
324
324
325
325
325
325
326
326
326
327
327
328
328
328
328
329
329
329
330
330
330
331
331
332
332
332
332
332
333
333
333
333
333
334
334
334
335
335
335
335
335
335
335
336
336
338
338
338
338
338
339
339
340
340
340
341
341
341
341
341
342
342
342
342
343
343
344
344
344
344
345
345
346
346
347
347
347
348
349
349
350
350
350
350
351
351
351
351
351
351
352
352
352
353
353
354
354
354
356
356
356
357
357
357
357
358
358
358
359
359
359
360
360
360
360
361
361
361
362
362
362
362
363
363
364
364
364
364
365
365
366
366
367
367
367
367
369
370
370
370
370
370
370
371
371
371
371
371
372
372
373
373
374
374
374
374
374
375
375
375
377
377
377
377
378
378
378
379
379
379
380
380
380
380
381
381
381
381
382
382
382
382
383
383
384
384
384
384
384
384
385
385
385
385
385
386
386
386
387
387
388
388
388
389
389
389
389
390
390
390
390
391
391
391
391
392
393
393
394
394
394
394
395
396
396
397
397
399
399
399
399
399
400
400
400
400
400
401
401
401
402
402
402
403
403
403
404
404
404
404
404
406
406
407
407
407
408
408
408
408
408
409
409
409
409
409
409
409
410
410
410
410
411
411
411
411
411
411
411
411
412
412
412
414
415
415
415
417
417
417
417
417
417
417
418
418
418
418
420
420
420
420
420
421
422
422
422
422
422
423
423
423
424
424
424
424
425
426
426
426
426
427
427
427
427
427
428
428
429
429
429
430
430
430
431
432
432
432
432
432
433
433
433
434
434
434
434
435
435
435
436
436
436
436
437
437
437
437
437
438
438
439
440
441
441
441
441
441
441
442
442
442
442
442
443
443
443
443
443
444
445
445
446
446
447
447
447
448
448
448
448
448
449
449
449
449
449
450
450
451
451
451
452
452
452
452
452
453
453
453
453
453
454
455
455
455
455
455
455
455
456
456
456
456
457
457
457
457
457
457
459
459
459
459
459
460
460
461
461
461
461
462
462
463
463
463
463
463
463
463
463
463
464
464
464
464
464
465
465
465
466
466
467
467
467
467
468
468
469
469
469
469
469
469
470
470
470
470
470
471
471
471
472
472
472
472
473
473
473
474
475
476
476
476
476
476
477
477
477
478
478
479
480
480
480
480
480
481
481
481
481
482
482
483
484
484
484
485
485
486
486
486
486
487
487
487
487
487
488
488
489
489
489
489
489
489
490
490
491
491
491
491
491
491
492
493
493
493
494
494
494
495
495
495
495
496
496
496
496
496
497
497
497
498
498
498
498
499
499
499
499
499
500
500
500
500
500
501
501
501
502
502
502
502
502
502
502
502
502
504
504
504
505
505
506
506
506
507
507
508
508
508
508
508
508
508
509
509
509
510
510
510
510
511
511
512
513
513
514
514
514
514
514
514
515
515
515
515
516
517
517
517
517
518
518
519
519
519
519
519
519
520
521
521
521
521
522
522
522
522
523
523
523
523
523
523
524
524
524
524
525
525
526
526
526
526
527
527
527
528
528
528
529
530
530
531
531
532
532
532
533
533
533
533
533
534
534
534
535
535
535
536
536
537
538
538
538
538
538
538
539
539
540
540
540
540
540
540
541
542
542
542
542
543
544
544
545
545
545
546
546
546
546
547
547
547
548
548
548
548
548
548
548
548
549
549
550
551
551
551
551
551
552
552
553
554
555
555
555
556
556
556
556
556
556
556
556
557
558
558
558
559
559
559
559
560
561
561
561
561
561
561
562
562
564
565
565
565
565
566
567
567
567
568
568
568
568
568
568
569
569
569
570
571
571
571
571
571
571
571
572
572
572
572
573
573
573
574
574
574
574
574
574
575
576
576
576
576
576
576
577
577
578
578
578
579
579
579
579
579
580
580
580
580
581
582
583
583
583
584
584
584
584
585
585
585
586
586
586
586
586
587
587
587
587
587
587
588
588
589
589
589
589
589
590
590
590
591
592
592
592
592
592
593
593
594
594
594
595
595
595
595
596
596
597
597
597
598
598
598
599
599
599
600
600
600
601
601
601
602
602
602
602
602
602
603
604
604
605
605
605
605
605
605
605
605
606
606
607
607
607
608
608
608
609
609
609
609
610
610
612
612
613
613
613
613
613
615
615
615
616
616
617
617
618
618
618
618
618
619
620
620
620
620
620
620
621
621
621
621
622
623
623
623
623
623
623
623
623
624
624
624
624
624
625
625
625
625
625
626
626
626
626
627
627
628
628
629
629
629
629
630
630
630
630
631
631
631
631
631
632
632
632
632
632
633
633
633
633
633
634
634
634
635
635
635
635
635
636
637
637
637
638
638
638
639
639
639
639
639
640
640
640
641
641
642
643
643
644
644
645
645
645
646
646
646
646
646
647
647
647
648
648
650
650
650
650
651
651
651
651
651
652
652
652
652
652
653
653
653
653
654
654
654
654
655
655
655
656
656
657
657
657
658
658
658
659
660
660
660
660
660
661
661
661
661
662
662
662
662
662
662
663
663
663
664
664
664
664
665
665
665
665
666
666
666
667
667
667
667
667
667
668
668
668
668
669
669
669
669
670
670
670
670
672
672
673
673
673
674
674
674
674
674
675
675
675
675
675
676
676
676
676
676
677
678
678
678
679
679
679
679
679
680
680
680
680
680
681
681
681
681
681
681
682
682
682
683
683
683
683
684
684
684
685
685
686
686
687
687
687
688
688
688
688
689
689
689
689
689
690
690
691
691
691
691
692
692
692
692
692
693
693
693
694
694
694
694
694
695
695
695
696
696
696
697
697
697
697
697
697
697
698
698
698
699
699
699
699
699
700
700
700
700
701
701
702
702
702
702
702
702
703
703
703
703
704
705
705
705
705
706
706
706
706
706
706
706
707
708
708
708
708
708
708
709
709
709
709
710
710
710
710
711
711
711
711
711
711
715
715
715
716
716
717
719
719
719
719
719
720
720
720
720
720
720
721
721
721
721
721
721
722
722
722
723
723
723
724
724
724
724
724
725
725
725
725
726
726
726
726
727
728
728
728
728
728
729
729
729
729
729
730
730
730
730
731
731
731
731
732
733
733
733
733
734
734
734
734
735
735
735
736
737
737
737
737
737
738
738
738
739
739
739
739
739
740
740
740
740
740
742
742
742
742
742
743
743
743
744
744
745
745
745
745
745
746
746
746
746
746
746
747
747
747
747
748
748
749
749
750
752
753
753
753
753
754
754
754
754
754
754
755
755
755
756
756
756
756
757
757
757
758
758
758
758
758
759
759
760
760
761
761
761
761
761
761
761
762
763
763
764
765
765
765
766
766
766
766
766
767
767
768
768
768
769
769
769
770
771
771
771
771
771
772
772
772
773
773
773
773
773
774
774
775
775
775
775
775
776
776
776
777
778
779
779
779
780
780
780
780
781
781
782
782
782
782
782
783
784
784
784
785
785
785
785
785
786
786
787
787
787
788
788
788
788
789
789
789
790
790
790
790
791
791
791
791
792
792
792
793
793
794
794
794
794
794
794
794
795
795
796
796
796
796
796
797
797
798
798
798
798
798
799
799
799
799
800
800
800
800
800
800
801
801
801
801
801
801
801
802
802
802
803
803
804
805
805
805
806
806
806
806
806
807
807
807
808
808
808
808
809
809
810
810
810
810
810
810
810
810
811
811
811
811
811
811
811
812
813
814
814
814
814
815
815
816
817
817
818
818
818
818
818
818
818
819
819
819
819
820
821
821
822
822
822
822
823
823
823
823
823
824
824
824
825
826
826
827
827
828
828
828
828
830
830
831
831
832
832
832
832
833
833
833
834
834
835
835
835
835
836
836
836
836
837
837
837
838
838
839
839
839
839
839
839
840
840
840
840
841
841
841
842
842
842
843
843
844
844
844
844
845
845
845
845
845
845
846
846
846
846
846
846
847
847
847
847
848
848
849
849
849
849
850
850
850
851
851
851
851
851
852
852
852
852
853
853
853
853
853
853
853
853
854
854
854
856
856
856
856
856
857
857
857
857
857
857
858
859
860
860
861
861
862
862
863
863
863
863
864
864
864
864
864
864
865
865
866
867
867
867
868
868
868
868
868
869
870
870
870
870
870
871
871
871
872
872
873
873
873
873
873
874
874
874
874
874
875
875
875
875
876
876
876
877
877
877
877
877
878
878
879
879
879
879
880
880
880
881
882
882
883
883
883
883
884
884
884
884
885
885
885
885
885
885
886
886
887
887
887
889
889
889
890
890
890
891
891
891
892
892
892
892
893
893
893
893
893
894
894
894
895
895
895
896
897
897
897
897
897
898
898
898
898
898
898
899
899
899
899
900
900
900
900
901
901
902
902
903
903
903
903
904
904
905
905
906
906
906
906
908
908
908
909
909
909
909
909
909
910
910
910
911
911
911
912
912
912
913
914
914
914
914
915
915
915
915
916
916
916
916
917
917
917
917
918
918
918
918
918
918
919
919
920
920
920
921
921
921
921
922
922
922
922
922
923
923
924
924
924
925
925
925
926
926
927
927
928
928
928
928
929
930
930
930
930
930
931
932
932
932
932
933
933
933
934
934
935
935
935
937
937
937
937
937
938
938
939
939
939
939
939
939
940
940
941
941
941
941
941
942
942
942
943
943
944
944
944
944
945
946
946
946
946
947
947
948
948
949
949
949
949
951
953
953
953
953
953
954
954
955
955
956
956
956
956
956
956
957
957
958
959
960
960
960
960
960
960
960
960
961
961
961
961
962
962
964
964
964
964
965
965
965
965
966
966
966
966
966
966
966
966
966
967
967
968
968
968
969
969
969
969
969
969
970
970
970
970
970
970
971
971
971
971
971
971
972
973
973
974
974
974
975
975
976
977
978
978
978
979
979
979
980
980
980
981
981
981
982
982
982
982
982
983
983
984
984
985
986
986
986
986
987
987
988
988
988
988
989
989
990
990
990
990
990
991
991
991
992
992
993
993
993
994
994
994
994
995
995
995
995
996
996
996
997
997
998
998
998
998
999
999
999
1001
1001
1001
1001
1001
1001
1002
1002
1002
1003
1003
1003
1003
1004
1004
1005
1005
1005
1005
1005
1006
1006
1006
1006
1006
1006
1007
1007
1007
1007
1007
1008
1008
1008
1008
1008
1009
1009
1009
1009
1009
1009
1010
1010
1010
1011
1012
1012
1012
1012
1013
1013
1013
1013
1013
1013
1013
1013
1014
1015
1015
1015
1016
1016
1016
1017
1017
1018
1019
1019
1019
1020
1021
1021
1021
1021
1022
1022
1023
1023
1023
1024
1024
1025
1025
1025
1025
1025
1025
1026
1026
1027
1027
1028
1028
1028
1028
1028
1028
1029
1029
1029
1029
1030
1030
1030
1030
1030
1030
1031
1031
1031
1032
1032
1032
1033
1033
1033
1033
1033
1033
1034
1034
1035
1035
1035
1035
1036
1036
1037
1037
1037
1037
1037
1037
1038
1038
1038
1039
1039
1039
1039
1040
1040
1040
1040
1040
1040
1040
1041
1041
1041
1041
1041
1042
1042
1042
1042
1042
1042
1042
1043
1043
1043
1043
1044
1044
1044
1044
1045
1045
1045
1046
1047
1047
1047
1048
1049
1049
1049
1050
1050
1050
1051
1051
1051
1052
1052
1052
1052
1053
1054
1054
1054
1054
1055
1055
1055
1056
1056
1056
1057
1057
1057
1057
1057
1057
1058
1058
1059
1059
1059
1060
1060
1060
1060
1060
1060
1061
1061
1061
1062
1062
1063
1063
1063
1063
1063
1063
1064
1065
1065
1065
1065
1065
1065
1065
1066
1066
1066
1066
1067
1067
1067
1068
1068
1069
1069
1069
1070
1071
1071
1072
1072
1072
1073
1073
1073
1073
1074
1074
1074
1074
1074
1075
1075
1075
1076
1076
1076
1077
1077
1077
1078
1078
1078
1079
1079
1080
1080
1080
1081
1081
1081
1081
1082
1083
1083
1083
1084
1085
1086
1086
1086
1086
1086
1086
1087
1087
1088
1088
1089
1089
1090
1090
1091
1091
1091
1091
1091
1092
1093
1093
1094
1095
1095
1095
1095
1095
1096
1096
1096
1096
1097
1098
1098
1098
1098
1099
1100
1100
1101
1101
1101
1101
1102
1102
1103
1103
1103
1103
1103
1104
1104
1104
1105
1105
1105
1106
1106
1106
1107
1107
1107
1107
1109
1109
1109
1109
1110
1110
1111
1111
1111
1112
1112
1112
1112
1112
1112
1112
1113
1114
1114
1114
1115
1115
1115
1115
1115
1115
1115
1115
1115
1117
1117
1117
1118
1118
1118
1118
1119
1119
1119
1120
1120
1120
1121
1121
1121
1121
1122
1122
1123
1123
1124
1124
1124
1124
1125
1125
1125
1125
1125
1125
1126
1126
1126
1127
1127
1128
1128
1128
1129
1129
1129
1130
1131
1131
1131
1131
1131
1131
1132
1132
1132
1132
1133
1133
1133
1133
1134
1134
1134
1134
1135
1135
1135
1135
1135
1135
1135
1135
1136
1136
1137
1138
1139
1139
1139
1139
1140
1140
1140
1140
1140
1140
1140
1141
1141
1141
1141
1141
1141
1142
1142
1142
1142
1142
1142
1142
1142
1143
1143
1144
1144
1144
1145
1145
1145
1145
1145
1146
1146
1146
1146
1147
1147
1148
1148
1149
1149
1149
1149
1150
1150
1150
1151
1151
1152
1152
1152
1152
1153
1153
1153
1155
1155
1155
1155
1157
1157
1157
1157
1158
1159
1159
1160
1161
1161
1162
1162
1162
1163
1163
1164
1164
1165
1166
1166
1166
1167
1168
1168
1169
1169
1169
1169
1169
1169
1170
1170
1171
1171
1172
1172
1172
1173
1173
1174
1174
1174
1175
1175
1176
1176
1176
1177
1177
1177
1177
1177
1178
1178
1178
1178
1180
1180
1180
1180
1180
1180
1181
1181
1181
1182
1182
1182
1182
1182
1182
1183
1184
1184
1184
1185
1186
1186
1186
1186
1186
1186
1187
1187
1187
1187
1187
1188
1189
1189
1190
1190
1190
1191
1191
1192
1192
1192
1192
1193
1193
1194
1194
1194
1194
1194
1195
1195
1195
1196
1196
1196
1197
1197
1198
1198
1198
1199
1199
1199
1199
1199
1200
1200
1200
1200
1201
1201
1201
1201
1201
1201
1202
1202
1203
1203
1204
1204
1204
1205
1206
1206
1206
1206
1207
1207
1207
1207
1209
1209
1210
1210
1210
1210
1211
1211
1211
1211
1211
1211
1212
1212
1213
1213
1213
1213
1214
1214
1214
1214
1215
1215
1215
1215
1216
1216
1217
1217
1217
1217
1217
1218
1218
1218
1219
1219
1219
1219
1221
1221
1222
1223
1223
1223
1223
1224
1224
1224
1224
1224
1225
1226
1226
1227
1227
1227
1227
1228
1229
1229
1230
1230
1231
1231
1231
1232
1232
1232
1232
1232
1232
1233
1233
1233
1234
1234
1235
1235
1235
1235
1237
1237
1238
1238
1238
1238
1238
1239
1240
1240
1240
1240
1242
1242
1242
1243
1243
1244
1244
1244
1245
1246
1246
1246
1246
1247
1247
1247
1247
1248
1248
1248
1249
1249
1250
1250
1250
1250
1250
1251
1251
1253
1253
1253
1253
1253
1253
1254
1254
1254
1254
1255
1255
1255
1256
1256
1256
1256
1257
1257
1257
1258
1258
1258
1258
1258
1259
1259
1259
1260
1260
1260
1261
1261
1261
1261
1261
1262
1262
1262
1262
1262
1263
1263
1264
1264
1264
1265
1265
1265
1266
1266
1266
1266
1267
1267
1267
1268
1268
1268
1268
1268
1269
1269
1269
1269
1270
1270
1270
1270
1270
1271
1271
1271
1271
1272
1273
1273
1274
1275
1275
1275
1275
1275
1276
1276
1277
1277
1277
1277
1277
1278
1278
1278
1279
1280
1280
1280
1281
1281
1281
1282
1282
1283
1283
1283
1283
1283
1283
1284
1284
1284
1284
1285
1285
1285
1285
1285
1286
1286
1286
1286
1286
1286
1287
1287
1287
1287
1287
1288
1288
1288
1289
1289
1289
1290
1290
1290
1290
1290
1291
1291
1291
1292
1293
1293
1293
1293
1294
1294
1295
1295
1296
1296
1296
1296
1296
1296
1297
1298
1298
1298
1299
1300
1300
1300
1301
1301
1301
1301
1302
1302
1302
1303
1303
1303
1304
1304
1304
1305
1305
1305
1305
1305
1305
1306
1307
1307
1307
1307
1308
1308
1308
1309
1309
1309
1310
1311
1311
1311
1311
1311
1311
1311
1311
1311
1312
1312
1313
1313
1313
1313
1313
1313
1313
1314
1314
1314
1314
1315
1316
1316
1317
1317
1317
1317
1317
1318
1319
1319
1320
1320
1320
1320
1320
1321
1321
1321
1322
1322
1322
1322
1322
1322
1322
1323
1324
1324
1325
1325
1325
1326
1326
1326
1326
1327
1327
1327
1327
1328
1328
1328
1328
1329
1330
1330
1331
1331
1331
1331
1331
1331
1331
1331
1332
1332
1332
1333
1333
1333
1333
1333
1333
1334
1334
1334
1334
1334
1334
1335
1336
1336
1336
1336
1337
1337
1337
1338
1339
1339
1339
1340
1340
1340
1340
1341
1341
1341
1341
1341
1342
1342
1342
1342
1343
1343
1343
1343
1344
1344
1344
1344
1346
1346
1346
1346
1347
1347
1347
1347
1348
1348
1348
1348
1349
1349
1349
1350
1350
1350
1350
1350
1351
1351
1351
1351
1351
1352
1352
1353
1353
1353
1354
1354
1354
1355
1355
1356
1356
1356
1357
1357
1357
1357
1358
1358
1358
1358
1359
1359
1359
1359
1360
1360
1360
1360
1360
1361
1361
1361
1361
1362
1362
1362
1362
1362
1363
1363
1363
1364
1364
1364
1365
1365
1366
1367
1367
1367
1368
1369
1369
1369
1369
1369
1370
1370
1370
1371
1371
1371
1372
1372
1373
1373
1373
1373
1374
1374
1374
1374
1374
1375
1375
1375
1375
1375
1375
1376
1376
1377
1377
1378
1378
1378
1378
1378
1379
1379
1379
1379
1380
1380
1380
1381
1381
1382
1382
1382
1382
1382
1383
1383
1383
1384
1384
1384
1384
1385
1385
1386
1387
1387
1387
1387
1387
1387
1388
1388
1388
1388
1388
1389
1389
1389
1389
1389
1390
1390
1390
1390
1390
1390
1390
1392
1392
1392
1392
1392
1393
1393
1393
1393
1394
1394
1394
1394
1395
1395
1395
1396
1396
1396
1397
1397
1397
1397
1397
1398
1398
1398
1398
1399
1399
1399
1399
1400
1400
1400
1400
1400
1401
1401
1401
1402
1402
1402
1402
1403
1404
1404
1405
1405
1405
1405
1405
1406
1406
1406
1406
1406
1407
1407
1407
1408
1408
1408
1408
1409
1409
1409
1409
1410
1410
1410
1410
1410
1410
1410
1411
1412
1412
1412
1413
1413
1413
1413
1413
1413
1413
1413
1414
1414
1414
1414
1415
1415
1415
1415
1415
1415
1416
1416
1416
1416
1417
1418
1418
1418
1418
1418
1418
1418
1418
1418
1419
1419
1419
1419
1420
1420
1420
1421
1422
1423
1423
1423
1423
1424
1425
1425
1425
1425
1425
1426
1426
1426
1426
1427
1427
1428
1428
1429
1430
1430
1430
1430
1430
1431
1431
1431
1432
1432
1432
1432
1434
1434
1435
1435
1435
1435
1436
1436
1436
1436
1436
1436
1437
1437
1438
1438
1438
1438
1438
1438
1439
1439
1440
1440
1440
1441
1441
1441
1442
1442
1442
1442
1442
1442
1442
1442
1443
1443
1443
1443
1444
1444
1444
1444
1444
1445
1445
1446
1447
1447
1447
1447
1447
1448
1448
1448
1449
1450
1450
1450
1450
1450
1450
1450
1450
1450
1451
1451
1452
1452
1452
1452
1453
1453
1453
1453
1454
1454
1454
1455
1455
1456
1456
1457
1457
1458
1459
1459
1459
1460
1460
1460
1460
1460
1460
1461
1461
1461
1462
1462
1462
1463
1463
1464
1464
1464
1465
1465
1465
1465
1465
1466
1466
1466
1466
1466
1467
1467
1467
1468
1468
1468
1468
1468
1469
1469
1469
1469
1469
1469
1469
1470
1470
1470
1471
1471
1471
1471
1471
1472
1472
1472
1473
1473
1473
1474
1474
1475
1476
1476
1476
1476
1476
1477
1477
1477
1477
1477
1477
1478
1478
1478
1479
1479
1479
1479
1480
1480
1480
1480
1481
1482
1482
1483
1483
1483
1484
1485
1485
1486
1486
1486
1486
1487
1487
1488
1488
1489
1489
1489
1489
1491
1491
1491
1491
1492
1492
1492
1492
1492
1493
1493
1493
1494
1494
1494
1494
1495
1496
1496
1497
1497
1498
1498
1499
1499
1500
1501
1501
1501
1502
1502
1502
1502
1502
1503
1503
1503
1503
1503
1503
1503
1504
1504
1504
1505
1505
1505
1506
1506
1506
1507
1507
1507
1507
1507
1508
1508
1508
1509
1509
1509
1510
1510
1510
1510
1510
1511
1511
1512
1513
1513
1513
1513
1513
1514
1514
1514
1515
1515
1515
1515
1516
1516
1516
1516
1516
1516
1517
1517
1518
1518
1518
1518
1519
1520
1520
1520
1520
1520
1521
1521
1522
1522
1522
1523
1523
1523
1524
1525
1525
1525
1525
1525
1525
1526
1526
1526
1526
1526
1527
1527
1527
1528
1529
1530
1530
1531
1531
1532
1532
1532
1532
1532
1533
1533
1533
1533
1533
1533
1534
1534
1535
1535
1535
1535
1536
1536
1536
1537
1537
1538
1538
1538
1539
1539
1540
1540
1540
1541
1541
1541
1542
1542
1542
1542
1543
1543
1543
1543
1543
1544
1544
1544
1545
1545
1545
1545
1545
1545
1546
1546
1546
1547
1548
1548
1548
1549
1549
1549
1549
1549
1549
1550
1550
1550
1551
1551
1551
1551
1552
1552
1552
1553
1554
1554
1554
1554
1555
1556
1556
1556
1557
1557
1557
1557
1558
1558
1558
1559
1559
1559
1559
1559
1560
1560
1560
1561
1561
1561
1562
1562
1563
1563
1563
1564
1564
1564
1564
1565
1565
1566
1566
1566
1566
1566
1567
1568
1569
1569
1569
1569
1569
1571
1572
1572
1573
1573
1573
1574
1574
1574
1574
1574
1574
1575
1575
1576
1576
1576
1577
1577
1577
1578
1578
1578
1578
1578
1578
1578
1579
1579
1579
1580
1581
1581
1581
1582
1582
1583
1583
1584
1585
1585
1585
1585
1586
1586
1588
1589
1589
1589
1589
1589
1590
1590
1590
1591
1591
1591
1592
1592
1592
1592
1594
1594
1594
1595
1595
1595
1595
1595
1595
1595
1595
1595
1596
1596
1596
1596
1596
1596
1596
1597
1598
1598
1598
1598
1598
1599
1599
1599
1600
1600
1600
1601
1601
1601
1601
1602
1602
1603
1603
1604
1604
1605
1605
1605
1605
1605
1605
1606
1606
1606
1606
1607
1607
1607
1607
1608
1608
1608
1608
1608
1608
1608
1608
1609
1610
1611
1611
1611
1612
1612
1613
1613
1613
1613
1614
1614
1614
1614
1614
1614
1614
1614
1614
1615
1615
1615
1616
1616
1616
1616
1616
1616
1617
1617
1618
1618
1618
1618
1619
1619
1620
1621
1622
1622
1623
1623
1623
1623
1624
1624
1625
1625
1625
1625
1626
1626
1626
1626
1627
1627
1627
1627
1628
1628
1629
1629
1629
1629
1629
1630
1630
1631
1631
1631
1631
1631
1632
1632
1633
1633
1633
1634
1634
1634
1634
1635
1636
1636
1636
1637
1637
1638
1638
1638
1638
1639
1639
1641
1641
1641
1642
1642
1642
1642
1642
1642
1642
1643
1643
1643
1643
1643
1644
1644
1644
1645
1645
1646
1646
1647
1647
1647
1647
1647
1647
1648
1648
1648
1648
1649
1649
1649
1649
1650
1650
1650
1651
1651
1652
1652
1652
1652
1652
1652
1653
1653
1654
1654
1654
1654
1655
1655
1655
1655
1656
1656
1658
1658
1659
1659
1659
1659
1659
1659
1660
1660
1662
1662
1662
1663
1664
1664
1664
1664
1665
1665
1665
1665
1665
1666
1666
1668
1669
1669
1669
1669
1669
1669
1671
1671
1671
1671
1671
1671
1671
1671
1672
1672
1672
1672
1673
1674
1674
1674
1674
1674
1674
1675
1675
1675
1675
1676
1676
1676
1676
1677
1678
1679
1679
1681
1681
1681
1682
1682
1682
1683
1683
1683
1683
1683
1683
1684
1684
1685
1685
1686
1686
1687
1687
1687
1687
1688
1688
1688
1688
1689
1690
1690
1690
1691
1691
1691
1691
1691
1692
1693
1693
1693
1694
1695
1695
1695
1696
1696
1696
1696
1696
1697
1698
1698
1698
1698
1698
1698
1698
1698
1699
1699
1699
1699
1700
1700
1700
1700
1700
1701
1701
1702
1702
1703
1703
1703
1704
1704
1704
1704
1704
1704
1704
1705
1705
1705
1706
1706
1707
1707
1708
1708
1708
1708
1708
1709
1709
1709
1709
1709
1710
1710
1710
1711
1711
1711
1711
1711
1712
1713
1713
1713
1713
1713
1714
1714
1714
1715
1715
1717
1717
1717
1717
1718
1718
1718
1718
1719
1719
1720
1720
1721
1721
1721
1721
1721
1721
1721
1721
1721
1722
1723
1723
1723
1723
1723
1723
1724
1725
1726
1726
1727
1727
1727
1727
1727
1727
1727
1728
1728
1730
1730
1730
1730
1730
1730
1730
1730
1730
1730
1730
1730
1731
1731
1731
1732
1732
1732
1733
1733
1733
1733
1734
1734
1735
1735
1735
1736
1736
1737
1737
1737
1738
1738
1738
1739
1739
1739
1740
1740
1741
1741
1742
1742
1742
1742
1742
1742
1743
1743
1743
1744
1745
1746
1746
1746
1747
1747
1747
1747
1747
1748
1748
1748
1748
1749
1749
1749
1750
1750
1750
1750
1751
1751
1752
1752
1752
1752
1752
1753
1754
1754
1754
1755
1755
1755
1755
1755
1756
1756
1756
1756
1756
1757
1757
1757
1758
1758
1758
1758
1758
1759
1759
1760
1760
1760
1761
1761
1761
1761
1762
1762
1762
1762
1763
1763
1763
1764
1764
1764
1764
1764
1765
1765
1765
1765
1766
1766
1766
1766
1766
1766
1766
1767
1767
1767
1767
1768
1768
1768
1768
1768
1769
1769
1769
1769
1770
1770
1770
1770
1771
1771
1771
1771
1771
1772
1772
1773
1773
1773
1773
1773
1773
1774
1775
1775
1775
1775
1776
1776
1776
1776
1776
1776
1776
1777
1777
1777
1777
1778
1778
1778
1778
1779
1779
1779
1780
1781
1781
1782
1782
1783
1783
1783
1783
1783
1784
1784
1785
1785
1785
1786
1786
1787
1787
1787
1787
1787
1787
1787
1787
1788
1788
1789
1789
1790
1791
1791
1791
1791
1791
1792
1792
1792
1792
1792
1793
1793
1794
1794
1795
1795
1795
1795
1795
1797
1797
1797
1797
1798
1799
1799
1799
1799
1799
1800
1800
1800
1801
1802
1802
1802
1802
1803
1803
1803
1803
1803
1804
1804
1804
1804
1805
1805
1805
1805
1806
1806
1806
1807
1807
1808
1808
1809
1809
1810
1810
1811
1811
1812
1812
1812
1812
1812
1813
1813
1814
1815
1815
1815
1815
1815
1816
1816
1816
1816
1817
1817
1818
1818
1819
1819
1819
1819
1820
1821
1821
1821
1821
1821
1821
1821
1822
1823
1823
1823
1824
1825
1825
1825
1825
1825
1825
1826
1826
1827
1827
1827
1827
1827
1829
1829
1829
1829
1829
1830
1830
1830
1830
1832
1832
1832
1832
1833
1834
1834
1835
1835
1835
1835
1835
1835
1836
1836
1837
1837
1837
1838
1838
1838
1839
1839
1839
1840
1840
1840
1840
1840
1840
1840
1841
1841
1842
1842
1843
1843
1843
1843
1843
1843
1844
1844
1844
1844
1845
1845
1845
1846
1846
1847
1847
1848
1848
1848
1849
1849
1849
1849
1849
1849
1849
1850
1850
1850
1851
1851
1851
1851
1852
1852
1852
1853
1853
1853
1853
1854
1854
1854
1854
1855
1855
1855
1856
1856
1856
1856
1856
1856
1856
1856
1857
1857
1857
1859
1859
1859
1859
1860
1860
1861
1861
1862
1862
1863
1863
1863
1863
1863
1863
1863
1864
1864
1864
1865
1865
1865
1866
1866
1866
1866
1867
1867
1867
1868
1868
1869
1869
1870
1870
1870
1870
1870
1871
1871
1872
1872
1872
1873
1873
1873
1873
1874
1875
1875
1875
1875
1876
1876
1877
1877
1877
1877
1878
1878
1878
1878
1879
1879
1879
1879
1879
1879
1881
1881
1882
1882
1882
1883
1884
1884
1885
1885
1885
1885
1886
1886
1886
1886
1886
1886
1887
1888
1888
1889
1889
1889
1889
1890
1890
1890
1891
1891
1891
1891
1891
1891
1892
1892
1892
1893
1893
1893
1894
1894
1894
1895
1895
1896
1896
1897
1897
1897
1898
1898
1898
1899
1899
1899
1899
1900
1900
1900
1901
1901
1901
1901
1901
1902
1902
1902
1903
1903
1904
1904
1904
1904
1905
1906
1906
1907
1907
1907
1907
1907
1908
1908
1908
1909
1909
1909
1909
1909
1910
1910
1911
1911
1911
1912
1912
1912
1912
1912
1912
1913
1913
1913
1913
1913
1914
1914
1914
1914
1915
1915
1915
1915
1915
1915
1915
1916
1916
1916
1916
1917
1918
1918
1918
1919
1919
1919
1919
1919
1920
1920
1921
1921
1922
1922
1922
1923
1924
1924
1925
1925
1925
1926
1926
1926
1927
1927
1927
1927
1927
1927
1928
1929
1929
1931
1931
1932
1933
1934
1934
1935
1935
1936
1936
1936
1936
1937
1937
1937
1938
1938
1939
1940
1940
1940
1940
1941
1941
1941
1941
1942
1942
1943
1943
1943
1944
1944
1945
1945
1945
1946
1946
1946
1946
1946
1947
1947
1948
1948
1948
1949
1949
1949
1949
1950
1951
1952
1952
1952
1952
1952
1953
1953
1953
1953
1954
1954
1954
1955
1955
1955
1955
1955
1955
1955
1956
1958
1958
1958
1959
1959
1959
1959
1959
1960
1960
1960
1961
1961
1962
1962
1962
1962
1962
1962
1963
1963
1963
1963
1964
1964
1964
1964
1964
1965
1965
1966
1966
1966
1967
1967
1967
1967
1968
1968
1969
1969
1969
1969
1969
1969
1971
1971
1972
1972
1972
1972
1972
1972
1972
1972
1972
1973
1973
1974
1974
1974
1974
1975
1975
1975
1975
1976
1976
1976
1976
1977
1977
1977
1977
1977
1978
1978
1978
1978
1979
1979
1979
1980
1980
1980
1981
1982
1982
1983
1983
1983
1984
1984
1984
1984
1984
1985
1985
1985
1985
1986
1986
1986
1986
1986
1987
1987
1988
1988
1989
1989
1989
1989
1990
1990
1990
1991
1991
1991
1992
1992
1993
1993
1993
1994
1994
1994
1995
1995
1995
1996
1996
1996
1996
1996
1996
1996
1997
1998
1999
1999
1999
1999
2000
2000
2000
2000
2001
2001
2002
2002
2002
2002
2003
2003
2004
2004
2004
2005
2005
2005
2005
2006
2006
2006
2006
2006
2006
2006
2006
2007
2008
2008
2008
2008
2008
2008
2009
2010
2010
2010
2010
2011
2012
2012
2012
2013
2013
2013
2014
2014
2014
2014
2014
2014
2015
2015
2015
2015
2016
2016
2017
2017
2017
2020
2020
2021
2021
2021
2021
2021
2022
2022
2022
2023
2023
2024
2025
2025
2025
2025
2025
2026
2027
2027
2027
2027
2027
2029
2029
2029
2030
2030
2031
2031
2032
2032
2032
2032
2032
2033
2033
2034
2034
2035
2035
2036
2036
2036
2036
2037
2037
2037
2037
2037
2038
2038
2038
2038
2039
2040
2040
2040
2040
2040
2041
2041
2041
2041
2041
2042
2042
2042
2043
2043
2043
2044
2044
2045
2045
2046
2046
2046
2046
2046
2046
2046
2047
2047
2047
2047
2047
2047
2047
2048
2048
2049
2049
2049
2049
2049
2051
2051
2051
2052
2052
2052
2052
2052
2052
2052
2052
2053
2053
2053
2053
2054
2054
2054
2054
2054
2055
2055
2055
2055
2055
2055
2055
2056
2056
2056
2056
2056
2056
2056
2057
2057
2057
2057
2058
2058
2058
2059
2059
2059
2059
2060
2061
2061
2061
2062
2063
2063
2063
2063
2064
2064
2064
2066
2066
2066
2067
2067
2067
2067
2067
2067
2068
2069
2069
2070
2071
2071
2071
2071
2071
2072
2072
2073
2073
2073
2073
2073
2073
2073
2073
2074
2074
2074
2075
2076
2076
2077
2077
2077
2077
2077
2078
2078
2078
2079
2079
2079
2079
2079
2080
2080
2080
2080
2080
2080
2080
2080
2081
2082
2082
2082
2082
2083
2083
2083
2083
2084
2084
2085
2085
2085
2085
2085
2085
2085
2086
2086
2086
2086
2087
2087
2087
2087
2088
2088
2088
2088
2089
2089
2089
2089
2089
2089
2089
2090
2090
2090
2090
2091
2091
2092
2092
2092
2092
2093
2093
2093
2094
2094
2094
2094
2095
2095
2095
2096
2097
2097
2097
2098
2098
2098
2098
2098
2099
2100
2101
2101
2102
2102
2102
2102
2102
2103
2103
2103
2104
2104
2104
2104
2105
2105
2106
2106
2106
2106
2107
2107
2108
2108
2108
2108
2109
2109
2110
2110
2111
2111
2111
2112
2112
2113
2113
2113
2113
2114
2114
2115
2115
2115
2115
2115
2115
2116
2116
2116
2116
2116
2116
2117
2117
2117
2118
2118
2118
2118
2118
2118
2119
2119
2119
2119
2120
2120
2120
2121
2122
2122
2123
2123
2124
2125
2125
2125
2126
2126
2126
2127
2128
2128
2128
2128
2128
2129
2129
2129
2130
2130
2130
2130
2131
2131
2132
2132
2132
2133
2133
2133
2133
2133
2133
2133
2134
2134
2134
2135
2135
2136
2137
2137
2137
2137
2137
2137
2138
2138
2138
2139
2139
2139
2140
2140
2140
2141
2141
2141
2141
2142
2142
2142
2142
2142
2143
2143
2144
2144
2144
2144
2144
2144
2144
2144
2144
2145
2145
2146
2146
2146
2146
2147
2147
2147
2148
2148
2148
2149
2149
2149
2149
2150
2150
2150
2152
2152
2153
2153
2153
2153
2154
2154
2155
2155
2155
2155
2156
2156
2156
2157
2157
2157
2158
2158
2158
2158
2158
2159
2159
2160
2160
2160
2160
2161
2161
2162
2162
2162
2162
2163
2164
2164
2164
2165
2165
2165
2165
2165
2166
2166
2168
2168
2169
2169
2170
2170
2170
2171
2171
2171
2171
2171
2171
2172
2172
2172
2174
2174
2174
2175
2175
2177
2177
2177
2177
2178
2178
2179
2179
2179
2180
2180
2181
2181
2182
2182
2183
2183
2183
2184
2184
2184
2184
2185
2185
2186
2187
2187
2188
2188
2189
2189
2189
2189
2189
2190
2190
2190
2190
2191
2191
2191
2191
2191
2192
2192
2192
2193
2193
2193
2193
2193
2193
2194
2195
2195
2195
2195
2196
2196
2196
2196
2196
2197
2197
2197
2197
2197
2197
2197
2198
2199
2199
2199
2199
2199
2199
2200
2200
2200
2201
2201
2201
2201
2202
2202
2202
2203
2203
2205
2205
2205
2205
2206
2206
2207
2207
2207
2207
2207
2207
2207
2208
2208
2209
2209
2209
2209
2209
2209
2209
2210
2210
2211
2211
2211
2211
2212
2213
2213
2213
2214
2214
2214
2214
2215
2216
2216
2216
2217
2217
2217
2217
2218
2218
2219
2219
2219
2220
2220
2220
2220
2221
2222
2222
2222
2223
2223
2223
2223
2224
2224
2224
2224
2225
2225
2225
2225
2226
2226
2226
2226
2226
2227
2227
2227
2228
2228
2228
2228
2228
2229
2229
2229
2230
2230
2231
2232
2232
2232
2232
2232
2233
2233
2233
2233
2233
2233
2234
2234
2234
2235
2235
2235
2236
2236
2237
2237
2237
2237
2238
2238
2238
2238
2238
2238
2239
2240
2240
2240
2240
2240
2242
2242
2242
2242
2243
2243
2244
2244
2244
2244
2245
2245
2246
2246
2247
2247
2247
2247
2247
2248
2248
2248
2248
2248
2249
2249
2249
2249
2251
2251
2251
2251
2251
2251
2251
2251
2252
2252
2252
2253
2253
2253
2253
2253
2254
2254
2254
2255
2255
2255
2255
2256
2256
2256
2256
2257
2257
2258
2258
2258
2258
2259
2259
2259
2259
2260
2260
2260
2260
2260
2261
2261
2261
2261
2261
2262
2262
2263
2263
2263
2263
2263
2263
2263
2264
2264
2264
2264
2264
2265
2265
2265
2265
2265
2265
2265
2265
2266
2266
2266
2266
2266
2266
2266
2266
2266
2267
2267
2267
2267
2268
2269
2269
2269
2269
2269
2270
2270
2270
2271
2271
2271
2271
2271
2272
2272
2272
2272
2273
2273
2274
2274
2274
2275
2276
2276
2276
2277
2277
2277
2278
2278
2278
2279
2279
2279
2279
2279
2279
2280
2280
2281
2281
2281
2281
2281
2282
2282
2282
2283
2283
2283
2283
2283
2284
2284
2284
2284
2285
2286
2287
2287
2288
2288
2288
2288
2289
2289
2289
2289
2290
2290
2290
2291
2291
2292
2292
2292
2292
2293
2293
2293
2293
2294
2294
2295
2295
2295
2295
2295
2296
2296
2297
2297
2297
2298
2298
2298
2298
2299
2299
2299
2299
2300
2300
2300
2301
2301
2302
2302
2302
2303
2303
2304
2305
2305
2306
2307
2307
2307
2307
2308
2308
2308
2308
2308
2308
2309
2309
2309
2309
2310
2310
2311
2311
2311
2313
2313
2313
2314
2315
2315
2315
2316
2316
2316
2316
2317
2317
2318
2318
2318
2318
2318
2318
2318
2319
2319
2321
2321
2322
2322
2323
2323
2323
2323
2324
2324
2324
2324
2324
2324
2324
2324
2324
2325
2325
2325
2325
2326
2326
2326
2327
2327
2327
2327
2327
2327
2327
2327
2328
2328
2328
2329
2329
2329
2329
2330
2330
2330
2330
2330
2330
2331
2331
2331
2331
2331
2332
2333
2333
2333
2333
2333
2333
2334
2334
2334
2335
2335
2335
2335
2335
2335
2336
2336
2336
2336
2336
2336
2336
2336
2336
2339
2339
2340
2340
2341
2341
2341
2341
2341
2342
2343
2343
2343
7654
7652
7651
7650
7648
7647
7645
7643
7630
7623
7622
7621
7620
7615
7613
7612
7611
7609
7608
7606
7605
7603
7592
7587
7586
7583
7583
7575
7570
7568
7565
7563
7561
7560
7560
7559
7552
7547
7543
7536
7535
7534
7533
7531
7530
7530
7527
7526
7522
7521
7513
7508
7504
7498
7493
7488
7488
7483
7480
7479
7479
7475
7468
7467
7463
7459
7450
7442
7439
7438
7436
7428
7428
7421
7421
7418
7418
7417
7409
7408
7408
7398
7398
7396
7395
7394
7392
7382
7359
7358
7355
7354
7339
7336
7335
7330
7329
7319
7317
7316
7304
7302
7297
7296
7294
7286
7284
7284
7284
7270
7268
7266
7259
7259
7244
7243
7243
7241
7238
7238
7237
7237
7236
7230
7223
7219
7217
7214
7208
7207
7205
7199
7199
7199
7194
7188
7187
7185
7185
7184
7183
7180
7179
7178
7176
7174
7171
7170
7170
7169
7168
7159
7154
7150
7149
7147
7138
7132
7131
7126
7124
7113
7112
7110
7107
7105
7100
7100
7095
7094
7090
7090
7086
7079
7072
7064
7058
7052
7047
7040
7033
7032
7029
7029
7026
7024
7024
7017
7016
7011
7010
7009
6997
6992
6991
6989
6984
6981
6974
6973
6969
6967
6965
6965
6964
6962
6958
6956
6956
6953
6951
6950
6947
6935
6931
6927
6918
6918
6913
6913
6900
6899
6897
6888
6884
6880
6880
6874
6873
6870
6866
6855
6855
6854
6852
6851
6849
6848
6844
6840
6837
6831
6831
6825
6817
6815
6814
6814
6812
6812
6801
6789
6789
6787
6783
6779
6779
6778
6777
6776
6775
6770
6770
6768
6767
6762
6756
6754
6749
6748
6744
6740
6740
6738
6738
6729
6723
6721
6716
6716
6713
6708
6708
6704
6703
6701
6698
6697
6696
6695
6691
6686
6680
6679
6677
6669
6656
6651
6647
6643
6641
6632
6632
6626
6625
6622
6620
6618
6612
6605
6604
6602
6600
6594
6591
6590
6580
6580
6575
6572
6571
6570
6568
6564
6557
6555
6555
6550
6543
6536
6528
6525
6524
6516
6509
6508
6506
6505
6504
6504
6499
6496
6492
6490
6483
6480
6479
6473
6469
6465
6463
6458
6453
6449
6449
6445
6440
6439
6436
6433
6430
6429
6429
6427
6426
6426
6426
6426
6424
6413
6413
6408
6397
6394
6389
6389
6387
6386
6386
6384
6382
6381
6377
6370
6370
6368
6363
6361
6352
6350
6348
6340
6336
6334
6333
6332
6331
6330
6321
6319
6315
6315
6308
6304
6301
6296
6292
6287
6285
6281
6278
6277
6269
6266
6265
6263
6259
6254
6250
6244
6240
6233
6227
6224
6219
6218
6217
6217
6215
6214
6213
6213
6211
6208
6201
6195
6195
6193
6192
6192
6186
6180
6175
6174
6169
6169
6166
6162
6161
6159
6153
6151
6150
6146
6143
6141
6140
6132
6126
6123
6116
6113
6110
6109
6104
6104
6094
6089
6078
6077
6074
6072
6072
6071
6066
6064
6062
6061
6059
6058
6058
6058
6056
6056
6055
6052
6051
6047
6042
6037
6037
6036
6028
6026
6025
6025
6022
6022
6021
6014
6013
6013
6012
6010
6008
6005
6005
6004
6001
5994
5985
5982
5981
5979
5976
5972
5965
5961
5960
5959
5957
5957
5956
5952
5947
5943
5936
5934
5932
5928
5927
5924
5918
5918
5910
5902
5900
5899
5892
5891
5884
5882
5881
5879
5876
5876
5866
5864
5859
5859
5858
5857
5840
5839
5832
5830
5830
5825
5824
5819
5814
5808
5804
5799
5796
5792
5791
5785
5782
5781
5778
5777
5777
5776
5772
5769
5760
5759
5759
5758
5756
5752
5752
5744
5743
5740
5736
5735
5735
5733
5728
5726
5713
5698
5693
5692
5684
5683
5678
5672
5652
5646
5637
5633
5630
5624
5623
5621
5617
5608
5605
5603
5591
5585
5585
5578
5568
5567
5567
5559
5557
5549
5548
5542
5540
5537
5537
5531
5531
5530
5527
5525
5522
5517
5514
5512
5494
5494
5492
5491
5484
5480
5479
5478
5478
5471
5469
5462
5458
5458
5448
5447
5446
5444
5441
5441
5435
5431
5428
5425
5418
5412
5406
5396
5394
5391
5390
5388
5388
5386
5383
5378
5374
5370
5368
5363
5363
5362
5360
5354
5354
5349
5346
5343
5333
5333
5322
5319
5315
5314
5307
5304
5298
5297
5293
5292
5291
5285
5278
5277
5262
5262
5262
5256
5255
5251
5243
5233
5227
5222
5218
5218
5217
5216
5212
5211
5202
5192
5187
5184
5177
5177
5176
5176
5174
5172
5171
5167
5162
5161
5159
5149
5148
5147
5146
5145
5139
5139
5133
5131
5129
5126
5123
5121
5119
5111
5101
5101
5098
5097
5095
5095
5093
5091
5089
5084
5079
5078
5078
5077
5076
5075
5070
5070
5069
5067
5067
5063
5062
5060
5058
5048
5033
5030
5030
5027
5026
5025
5023
5023
5020
5018
5017
5016
5014
5008
5006
5003
5000
4998
4991
4985
4984
4982
4982
4974
4965
4960
4960
4959
4959
4957
4953
4952
4951
4946
4941
4929
4926
4926
4919
4918
4912
4899
4889
4876
4866
4866
4865
4865
4864
4862
4845
4837
4837
4835
4829
4827
4823
4820
4818
4814
4814
4811
4808
4807
4803
4795
4792
4792
4788
4781
4777
4776
4770
4770
4755
4752
4750
4749
4742
4738
4737
4736
4732
4729
4727
4725
4725
4724
4722
4721
4720
4719
4719
4718
4715
4714
4708
4707
4706
4703
4700
4697
4695
4694
4694
4693
4684
4681
4677
4671
4671
4664
4662
4659
4659
4655
4655
4649
4644
4644
4643
4638
4638
4634
4629
4628
4626
4619
4618
4613
4611
4609
4608
4608
4604
4598
4596
4593
4590
4590
4587
4583
4582
4581
4570
4570
4561
4557
4555
4545
4544
4543
4542
4532
4527
4526
4525
4520
4513
4509
4508
4506
4505
4504
4503
4500
4497
4496
4489
4483
4483
4481
4480
4473
4468
4463
4462
4459
4457
4447
4441
4438
4437
4432
4429
4426
4421
4419
4417
4416
4415
4414
4406
4398
4395
4394
4392
4390
4381
4379
4375
4375
4375
4373
4372
4364
4361
4359
4358
4357
4356
4355
4351
4346
4345
4340
4337
4332
4330
4330
4325
4318
4316
4316
4315
4292
4292
4291
4290
4290
4289
4286
4283
4281
4280
4279
4273
4270
4268
4262
4257
4249
4242
4241
4237
4227
4224
4219
4210
4193
4190
4189
4187
4187
4185
4184
4183
4178
4170
4166
4165
4165
4161
4161
4159
4155
4147
4145
4144
4135
4135
4132
4130
4120
4120
4118
4117
4116
4108
4108
4101
4090
4086
4084
4082
4079
4076
4074
4068
4065
4060
4058
4055
4052
4050
4042
4035
4027
4026
4020
4017
4011
4010
4008
4008
4001
4001
3999
3997
3995
3990
3989
3986
3986
3979
3971
3969
3969
3967
3964
3960
3957
3955
3953
3952
3947
3946
3946
3940
3940
3934
3934
3928
3926
3922
3921
3914
3907
3906
3901
3901
3895
3894
3886
3886
3885
3876
3876
3875
3875
3873
3872
3870
3867
3863
3861
3861
3859
3859
3858
3852
3851
3848
3846
3843
3842
3841
3840
3835
3834
3831
3830
3829
3827
3824
3822
3815
3814
3805
3804
3801
3795
3786
3781
3776
3771
3768
3766
3762
3760
3756
3751
3748
3747
3747
3743
3743
3743
3739
3736
3727
3725
3716
3712
3704
3703
3702
3700
3699
3695
3688
3687
3686
3685
3682
3680
3676
3673
3673
3672
3667
3666
3666
3664
3662
3658
3656
3641
3639
3634
3633
3633
3623
3618
3617
3617
3607
3606
3603
3601
3600
3598
3597
3595
3592
3588
3587
3586
3585
3582
3578
3572
3572
3569
3569
3569
3563
3562
3554
3550
3547
3535
3535
3533
3532
3532
3527
3526
3526
3525
3525
3519
3518
3518
3517
3517
3515
3513
3512
3504
3500
3499
3488
3488
3484
3476
3476
3473
3473
3469
3468
3463
3462
3459
3458
3457
3456
3452
3448
3446
3445
3443
3439
3438
3437
3435
3433
3433
3425
3413
3411
3410
3407
3399
3397
3396
3394
3391
3391
3385
3383
3382
3382
3379
3379
3378
3371
3366
3343
3341
3341
3338
3336
3333
3330
3329
3324
3320
3320
3319
3317
3314
3313
3309
3304
3300
3293
3290
3286
3280
3279
3278
3274
3267
3265
3262
3262
3256
3252
3251
3250
3250
3226
3225
3221
3216
3209
3208
3208
3207
3205
3200
3197
3193
3193
3189
3183
3175
3171
3168
3163
3162
3162
3161
3158
3153
3153
3147
3146
3145
3141
3134
3130
3127
3124
3116
3115
3114
3114
3113
3112
3109
3105
3104
3102
3099
3095
3095
3088
3088
3086
3085
3074
3070
3063
3052
3047
3044
3044
3042
3042
3037
3021
3020
3015
3013
3012
3012
3011
2995
2987
2983
2981
2980
2978
2974
2973
2971
2966
2966
2965
2965
2954
2951
2951
2948
2947
2947
2943
2943
2940
2940
2935
2933
2932
2932
2931
2929
2929
2926
2923
2921
2916
2912
2908
2906
2906
2901
2895
2894
2892
2890
2886
2884
2879
2877
2872
2872
2867
2866
2856
2855
2850
2849
2845
2843
2834
2831
2822
2817
2808
2807
2806
2805
2801
2796
2794
2790
2782
2774
2768
2754
2745
2740
2725
2721
2720
2717
2712
2707
2706
2706
2705
2704
2703
2701
2701
2700
2698
2698
2686
2680
2672
2670
2670
2668
2667
2662
2660
2656
2653
2650
2641
2640
2638
2635
2633
2632
2629
2622
2621
2621
2612
2612
2609
2608
2605
2603
2593
2593
2584
2582
2580
2579
2573
2572
2572
2572
2571
2570
2569
2569
2566
2566
2565
2562
2562
2561
2559
2550
2550
2549
2548
2548
2547
2547
2541
2530
2526
2525
2522
2520
2519
2517
2512
2509
2503
2502
2500
2495
2492
2490
2488
2488
2487
2487
2487
2482
2479
2478
2478
2472
2471
2466
2464
2459
2456
2452
2448
2445
2443
2440
2438
2436
2435
2432
2430
2429
2429
2426
2424
2422
2420
2420
2417
2415
2407
2406
2405
2404
2397
2395
2395
2390
2384
2383
2378
2373
2372
2372
2371
2371
2363
2363
2360
2358
2355
2355
2352
2351
2338
2338
2336
2331
2329
2315
2310
2310
2308
2307
2305
2305
2303
2301
2296
2294
2286
2284
2279
2278
2276
2276
2271
2264
2264
2256
2255
2253
2251
2251
2247
2247
2246
2246
2240
2240
2239
2236
2235
2234
2234
2233
2232
2227
2224
2223
2222
2217
2217
2214
2212
2208
2207
2206
2204
2203
2190
2175
2173
2172
2171
2169
2168
2163
2160
2160
2159
2159
2156
2152
2151
2148
2146
2146
2137
2137
2134
2133
2131
2129
2123
2121
2115
2115
2112
2104
2103
2102
2100
2100
2100
2100
2099
2095
2088
2087
2078
2077
2075
2069
2068
2065
2065
2062
2060
2057
2051
2047
2044
2034
2034
2033
2032
2030
2024
2020
2019
2015
2008
2001
1997
1995
1990
1985
1984
1984
1981
1980
1967
1966
1958
1956
1955
1950
1928
1921
1914
1908
1906
1906
1904
1899
1891
1890
1888
1885
1884
1884
1883
1879
1879
1871
1871
1868
1865
1864
1864
1861
1861
1857
1854
1851
1851
1843
1840
1835
1835
1833
1828
1827
1827
1825
1824
1821
1815
1811
1810
1809
1808
1808
1808
1808
1804
1800
1799
1798
1798
1795
1792
1783
1775
1772
1769
1765
1762
1761
1761
1760
1759
1759
1755
1749
1748
1743
1742
1741
1737
1737
1726
1711
1711
1708
1708
1707
1707
1706
1702
1693
1668
1667
1667
1662
1659
1659
1658
1658
1658
1656
1655
1647
1645
1644
1644
1644
1644
1641
1638
1638
1634
1632
1632
1631
1630
1628
1621
1616
1612
1611
1608
1606
1606
1605
1602
1600
1597
1594
1593
1592
1591
1590
1585
1582
1580
1577
1577
1577
1575
1571
1567
1563
1552
1551
1550
1549
1549
1544
1536
1535
1525
1523
1522
1522
1522
1521
1517
1516
1514
1504
1493
1492
1488
1487
1486
1475
1470
1467
1466
1464
1463
1459
1455
1448
1447
1444
1443
1435
1435
1434
1434
1428
1425
1422
1420
1420
1419
1415
1414
1409
1408
1407
1404
1403
1400
1397
1396
1392
1391
1390
1388
1386
1380
1379
1377
1361
1357
1345
1343
1334
1316
1312
1310
1305
1297
1292
1283
1282
1282
1278
1273
1272
1256
1255
1254
1252
1252
1247
1242
1236
1233
1228
1228
1214
1213
1204
1202
1198
1198
1194
1192
1185
1183
1182
1176
1173
1171
1166
1153
1150
1150
1149
1149
1147
1146
1145
1139
1138
1134
1130
1127
1124
1124
1115
1109
1106
1104
1099
1095
1094
1093
1093
1092
1090
1088
1085
1085
1085
1084
1084
1082
1079
1075
1074
1070
1057
1053
1052
1051
1045
1038
1038
1033
1029
1029
1028
1026
1026
1025
1023
1022
1019
1017
1012
1011
1009
996
984
983
983
981
977
975
973
965
960
951
949
946
946
944
943
933
929
928
928
925
925
922
917
915
914
914
908
905
902
900
892
887
881
879
876
873
867
858
851
849
847
845
841
832
824
823
823
816
814
807
806
800
797
789
787
786
785
778
778
773
773
768
764
763
763
759
757
752
750
749
746
746
745
743
738
734
729
726
724
724
722
715
710
710
709
709
693
692
691
687
685
685
683
677
675
672
660
652
649
649
643
643
641
635
630
620
619
617
614
608
605
604
602
598
596
595
591
589
587
585
585
583
581
571
566
561
556
553
553
553
552
551
547
540
537
529
527
526
518
516
515
515
515
505
500
498
495
495
478
476
473
472
472
469
469
463
459
456
453
451
451
445
424
416
415
407
404
403
398
395
383
381
378
378
373
372
369
369
358
348
345
341
337
334
333
327
325
324
324
323
319
319
309
302
301
293
287
286
272
268
266
266
262
262
251
250
245
243
236
236
236
225
225
224
222
220
212
211
208
201
197
180
180
176
168
166
165
156
156
156
155
150
150
146
145
145
143
142
134
134
130
128
127
117
116
116
109
108
103
101
99
97
88
82
81
80
79
77
74
71
71
65
62
57
57
56
52
49
48
46
46
44
43
43
37
34
34
32
25
25
18
18
18
16
11
10
7
4