8541
2022
9318
4847
6689
8910
1023
2589
7900
7689
3104
6645
7855
6130
5586
7235
3447
6881
6884
9756
1241
9803
1906
8215
1018
3477
3785
240
414
5378
1784
6196
5335
2579
7563
7854
7383
4771
6558
2323
4888
8622
2988
7055
3310
2648
1066
3616
3605
8590
3650
9716
7526
5640
563
7385
2936
9102
9499
1270
4989
9746
8820
1940
1911
421
227
6693
398
3485
9384
8925
1036
9770
9858
7992
6778
3699
6223
7105
206
5128
1094
1431
6326
4878
8015
9090
3389
7305
1530
7268
1298
7195
7480
4845
5724
9042
3140
587
8319
7821
8027
2193
9925
2078
9332
1325
1715
3933
3667
2467
1383
8670
6029
3379
6619
5587
6119
8244
17
5840
3129
3208
5282
9427
691
9400
2652
1707
6265
1890
8653
8688
1006
949
1938
7616
6906
7826
5659
9951
7677
7208
1353
6544
4810
5617
4396
8577
2116
6956
3280
1005
8845
4031
8512
365
8397
2209
6295
39
676
7652
4125
4927
2951
8277
5694
1253
5346
6225
8790
2542
3152
6498
4880
9148
5722
8355
5412
7458
4654
6255
9190
2884
8192
9915
5878
4994
6179
4091
194
6989
7375
6285
2415
300
1380
6957
6048
3925
2419
3130
4298
9822
7637
3007
4798
167
9470
1269
9211
7734
6059
7365
3850
6047
6511
1760
7643
3250
7494
7669
2313
4121
8212
3058
9411
8249
629
753
6880
5925
7807
792
7431
198
8895
9829
7141
8062
2266
9058
4042
145
4941
2059
453
4257
1328
7901
7117
868
8510
9218
5849
9408
2252
3962
5524
1978
8326
836
1502
7521
9429
5611
4689
5874
4805
7081
9381
8569
4804
353
1674
641
2786
6107
8159
5475
2717
709
2983
1254
6704
3163
5203
1614
5320
1181
6404
196
6478
5414
6777
8165
6691
9638
478
2361
3843
3779
5373
4376
471
4061
3370
7761
6360
1352
6185
449
7770
4414
9503
1049
9857
9898
6036
5637
1425
5802
9558
9784
5307
6127
2949
3763
1058
6634
42
4301
6461
4193
4255
7496
9809
6345
5227
5729
882
9355
3767
3051
5441
6124
2210
7990
1422
4228
2775
3460
4525
3866
6665
5211
6273
1882
5820
8348
8162
4630
2121
5557
5445
8345
897
9416
9493
6816
8394
8274
1602
8618
2102
7524
436
916
9624
8390
5397
7600
8964
4278
5297
3857
4064
9709
9079
9358
8747
8643
996
9792
2700
3934
5433
69
3517
6730
3653
6548
4208
3418
2704
6239
1506
8393
7934
2950
4204
1415
7334
8588
6280
3462
8901
5547
8890
8201
6551
330
1280
6350
9703
3526
3724
8086
1785
7453
8113
350
4700
2194
4485
9990
2553
6066
4170
7259
3840
6791
6512
8483
7906
5383
151
6713
9853
4085
992
6562
1229
8072
8190
6038
5808
2758
1230
2690
3964
2850
2649
502
1145
2014
5183
6867
726
6398
5487
660
3126
2557
277
8942
4074
7238
172
3209
4000
8511
2686
448
6306
6215
7724
2086
4517
703
5315
2838
520
3547
37
5237
4084
9682
3854
4607
4557
6892
7844
4465
6086
7241
7023
5012
2254
9550
810
3097
8759
579
5367
9987
1669
5497
2643
7204
8331
8160
2113
3156
7246
3832
6453
6161
2395
9152
4585
2166
1215
3592
1770
8404
5070
2127
6432
6579
9170
9872
3045
7775
2619
3825
7936
4621
4553
6071
627
3606
9892
985
5062
1263
4219
1913
9521
4392
1022
8436
507
84
3744
3973
2715
1731
7893
9321
700
5452
9813
3870
2740
7802
5751
2673
4067
1788
2654
6455
7145
1139
8777
9194
3457
8139
2444
9407
2227
9796
8103
4693
180
2060
2581
1567
2004
5716
5459
3307
4388
8875
3016
3467
3233
6921
1569
7491
3506
2708
2927
7881
5685
8854
8914
9155
6316
9835
406
1529
7053
920
126
5605
6564
8358
2465
5033
5848
2255
2278
5152
443
3672
4103
1312
8489
3563
5243
9022
4101
7412
1251
6801
2449
807
3332
506
5281
3366
1892
5501
6415
6596
1444
8138
1451
5904
3707
757
9929
8333
6638
5442
266
1818
4724
8857
184
7473
8136
776
7993
1075
6281
8985
3954
522
1896
8452
576
6291
2105
3634
4412
5355
9123
4011
4618
3102
8612
4773
8204
3227
9246
6058
8739
3055
9141
7135
4945
4987
3247
3353
4702
5118
9451
7162
7091
8254
9579
2317
2783
2287
5735
3647
1796
7560
2246
4296
2462
8492
3323
7919
3595
852
1561
3633
1045
3669
6001
4856
4463
1047
3175
7859
5523
6073
2607
1947
9556
3705
1207
4519
6808
7966
8467
7416
8351
8145
7613
4393
7492
7504
4828
5269
9942
4155
7796
8907
3407
8996
9765
1476
7709
8464
7389
8184
6195
814
8085
761
8911
1273
7846
8480
1122
8083
6968
7653
3031
2653
8009
4662
3525
1205
4082
1611
9541
8625
2352
2847
3810
3529
3752
3248
4627
9839
3762
67
8232
3502
9848
9856
9916
8750
2656
6827
4565
2134
9522
1458
7589
524
6608
8003
1456
5224
1994
6971
1378
7555
4594
96
6844
1522
4922
8336
3384
6235
4270
6876
9399
5075
5868
968
5970
2295
4157
9778
4039
4453
9220
2164
8306
6839
2344
5369
7039
6770
8002
3386
8922
6250
8988
567
4241
9477
2843
4407
3575
5443
7629
1721
2543
7287
6212
8202
1511
9080
9036
5947
5855
5561
2852
3494
4765
6456
8104
795
4269
1880
2933
5525
6786
3607
9563
4402
8546
2669
1759
2048
4293
6812
4316
9263
8227
7154
8090
7247
26
9445
7424
2061
2422
1859
9015
6826
7984
6464
5231
6962
4567
4589
9759
1769
8864
2174
6970
4614
3733
6110
4840
4442
2851
5792
499
8164
7663
5504
8497
7172
2679
6914
7743
533
597
5061
4754
4533
6204
3507
3177
3197
5507
1576
5991
5775
2714
8255
270
3659
1889
9747
9176
2590
9229
6714
9161
490
1183
452
7759
2795
6563
826
6252
3305
1374
9588
4956
2796
4186
9341
940
9954
6365
2146
4203
1905
9621
5185
7731
1825
2085
3530
1095
539
1706
4174
8789
7610
7341
7551
7554
9762
5493
4881
5956
873
4443
4060
7214
4563
1200
1098
8156
2813
5515
4726
5298
5050
9599
9910
5615
2397
7617
1178
2082
4817
2094
6516
1055
5098
9983
1366
8528
2377
1627
2370
7363
6518
4708
694
9971
7741
4571
1116
1384
2219
290
2037
9309
9401
8185
6565
2434
7106
5639
6573
7101
2737
3746
2997
2891
5030
2823
4094
8024
2992
9525
6600
7018
3898
7675
8585
1607
8832
4933
1463
3876
5958
8465
9206
5931
404
3998
7356
4305
6628
8659
1013
1041
5025
4658
3091
1758
7805
7032
6673
728
8033
9130
8737
2748
6401
6890
7698
2943
8330
7064
2870
373
3895
7456
7361
9633
2091
8357
1995
3586
2644
1826
4044
8863
1379
4315
6167
2470
4279
8853
8908
4471
6589
9323
3993
8063
4784
9236
647
4124
1666
429
3598
2417
4344
2034
866
9855
2982
6838
9033
105
281
256
7040
7230
9463
8889
6357
2629
4496
8029
33
1310
8641
1515
1698
302
3568
894
8661
5846
5839
6601
4720
8627
2930
8947
9441
537
8837
1737
2638
76
1052
6378
7401
616
773
1805
9877
2821
1464
5893
1831
4787
7418
4238
4977
4596
6646
8856
4398
4117
6520
8267
1319
1675
3914
5555
7067
3988
3531
8921
3532
7621
2880
68
9045
1755
6830
9735
9947
7270
970
1085
1448
1373
5287
596
5796
7446
8141
4480
4512
1661
3026
8637
4929
6423
1088
3158
9636
9754
5818
1293
6221
1961
9686
8636
4848
5323
656
3799
4495
3191
328
4309
3907
8852
763
5972
7497
75
4928
9576
1924
1206
3668
6740
6617
3928
386
5045
3401
2332
2474
4470
571
1875
7662
5578
9233
6761
2776
9523
5540
7791
7041
2844
4919
6670
3047
7915
1507
6574
7129
5225
3381
1570
9960
2126
395
6680
8171
6529
5046
1226
9567
382
8934
9808
3226
7107
1801
4518
2401
2661
2178
8339
8504
3308
6926
4643
8736
9920
7014
6856
9363
2635
1483
1551
3419
1525
1683
6792
8817
2633
8059
6855
7034
9517
5568
6347
1618
6636
6152
1692
9723
3684
723
7110
8860
1435
6717
4974
3160
3566
7123
5207
4356
2429
4456
3615
5511
758
2041
354
407
9086
7271
8408
7518
2504
3369
9909
6474
1291
2360
313
4610
3110
5280
7063
6581
6510
5096
4292
7253
4494
49
4020
9836
9035
8881
53
6084
117
6969
7158
7841
4447
6005
2718
6609
9697
3820
2319
6014
4019
9782
6025
9357
644
5392
5081
3542
1621
136
1652
1329
1278
6949
2057
9969
2325
5106
9356
2098
9274
556
1959
2435
7284
3257
976
7471
230
3132
4295
6076
9359
4973
1402
5988
7635
1307
4428
5489
7793
7816
8125
8834
3745
1716
7673
6843
7967
3860
8692
3570
7203
6815
4675
2534
1762
9186
8034
4489
7167
1638
956
9103
1709
957
3844
9717
8
9328
2974
969
5366
4528
472
6923
8297
3243
4901
9704
3567
2596
979
6904
8766
1177
1081
2567
3312
8565
9379
8167
3612
3077
1146
6942
2876
5887
2493
788
7745
1574
4160
153
6517
3196
2840
3695
6937
5317
4815
8371
2830
7742
3063
1983
6395
7636
4432
5753
5425
4177
6399
9669
2285
5376
9038
7910
2114
8102
2186
8490
8485
1786
1748
2479
867
1111
1680
7601
251
9789
7935
7808
2731
5915
560
1857
6594
9480
5919
588
1633
45
5000
7036
9783
3151
3341
9453
1655
5437
6230
4083
2310
7275
6966
215
469
6388
5539
9598
6383
678
927
6647
9005
9145
561
8508
5866
8882
930
6169
9183
6135
8642
9510
2514
5063
732
7790
856
4972
3929
5646
2336
6527
8350
3989
1546
7649
416
7977
6666
625
2347
3465
9280
2232
952
336
3597
5663
2529
3924
9432
4935
1184
9594
912
780
3002
3824
9851
1608
4230
6296
446
5296
3371
8379
5350
7490
5944
6841
3661
6901
1485
9676
6554
9320
3035
3101
8589
9937
7404
849
9719
5728
1014
3468
604
2259
1837
8927
7125
9831
2120
4112
3688
9146
7574
6526
6917
6585
6749
9955
9607
9303
8365
900
8785
8318
7362
9520
1016
2023
4374
6687
9112
106
8574
4304
566
4468
6237
3176
9406
8543
4664
2907
6440
9821
5785
6974
8945
3348
7430
7111
4345
9701
6863
9698
8101
1446
8560
2698
6017
8364
2402
40
2861
3798
8650
8209
2338
7219
8732
7244
5159
268
8475
2976
4876
1461
8359
9060
1073
3802
8773
2128
2131
8583
5828
5138
2595
6807
9980
5338
5068
955
5923
18
1524
7830
9718
5873
8088
8752
997
2356
2923
7045
402
1364
4240
3983
2575
8795
6875
8030
8696
5226
8205
9481
8053
784
3617
4639
9179
6317
7872
4030
7851
2324
5413
7443
178
2410
5933
176
3539
3783
689
8256
186
3671
1003
5858
8728
4861
2531
7988
8439
1450
2784
4246
9868
7371
74
207
7217
5600
1781
8183
5407
2065
7650
1610
6760
3609
1974
8118
6247
7748
5769
7124
4369
5608
824
4409
9124
2728
6899
2280
2620
9478
503
4075
3585
8954
5327
8200
5684
1062
5606
2330
3059
3039
8634
3072
9458
3096
6397
5394
1313
4548
9366
4507
5644
7811
4056
9056
7400
4698
9018
4704
9776
2101
2636
455
8292
4419
9483
4560
3484
4874
515
8334
569
1382
9628
5498
5588
1802
3753
7876
5695
3690
8548
9329
3245
8761
5924
9908
7069
5807
8022
7798
1925
7186
2719
7021
907
8040
4791
73
4761
7087
2230
1286
5762
1678
1265
2713
3019
332
9423
5139
6499
6053
6721
8505
7894
3623
9741
2618
2854
590
3864
817
310
2156
3289
9982
7184
7950
419
5192
2616
8984
7869
4650
3737
4378
8531
6667
7274
4268
2286
5111
4290
7569
6991
4961
5074
2172
4216
2184
5562
3046
1001
7090
1553
667
4860
6334
9034
85
5834
5359
5051
6471
1198
391
1247
8953
8041
4909
2944
8269
7656
7096
7615
4421
6742
3738
6063
4572
4366
1436
3541
8562
7786
475
2863
2972
666
6773
4202
5653
5236
5
8486
265
1704
6837
5013
7405
7981
4959
798
5610
8206
4540
7772
3319
672
3345
2722
4527
8257
5542
4115
3202
8337
8025
3641
3123
3571
2396
2005
9484
8611
343
2544
5438
6612
3720
2750
1092
5300
5634
595
9547
8682
1046
3006
1169
8990
6344
51
3631
234
5843
1163
9543
285
3144
2518
9469
6359
6327
7447
4943
6174
839
9924
1798
5857
9013
5902
4429
2940
2236
5247
465
5044
8633
5721
1931
303
8388
7737
104
2756
2632
1774
1166
5594
1282
6886
3082
9606
4575
8012
9017
6492
2151
7897
3855
8342
3098
6049
2969
1488
525
2380
3217
5037
1848
3758
8272
5766
5372
2469
3759
1718
8487
9395
6447
8660
1793
7519
5978
1304
4892
6642
8662
1396
4609
3358
8674
8268
8472
2556
3975
6748
8933
6381
1190
8532
9414
8305
4541
1195
5473
6028
1152
4247
2051
7823
6187
217
6445
7050
7465
9559
5396
9897
3137
3313
9465
4143
1535
6236
9307
2818
6531
6893
5202
5306
4637
2920
9844
7545
1194
5682
1138
6171
6067
1972
654
7750
4236
4558
9730
6641
2368
6452
1360
9919
8706
2451
5244
4586
1250
3698
5101
9639
7205
7575
6481
2849
950
4479
5911
2175
8598
908
2432
2512
5402
1901
4859
376
6508
2117
7440
1099
6113
9351
7767
7670
1449
6146
7315
3848
3482
9289
4904
315
6313
221
4287
1547
3703
4158
6010
3311
6290
9214
9029
2835
279
688
4377
3579
8208
6222
9629
7165
123
3327
4652
3271
8066
1711
6400
7620
8995
9196
3395
1581
6775
7469
3282
1725
8415
4493
6101
6806
5589
6939
245
3080
3911
9354
6037
6790
8143
1508
1277
6272
6112
7651
4638
4063
3805
4142
1306
6753
5003
3818
714
8924
2853
6553
6865
7501
8099
4842
6993
7513
3923
2472
2342
6737
9100
3710
8609
6392
9889
4780
3360
3021
8520
3619
9438
4865
6546
9120
9560
6254
450
3014
1141
7007
4687
4588
6575
1064
4844
209
7914
7057
3382
704
3284
4818
5457
842
734
8115
5263
8158
8343
7411
1496
8578
9376
1197
4849
9180
8468
2866
1479
3795
246
8176
5123
8862
8896
8219
9818
9059
6231
9064
7725
3242
8168
8453
301
3079
8271
3427
8089
437
8107
9266
4599
6315
4661
8396
9528
8586
7024
8972
2327
3583
3853
1699
7394
4785
9666
669
335
8971
2857
1397
9683
5888
9200
5649
3170
8539
2738
9293
6376
9239
2362
2182
3107
5548
9436
1028
7037
4326
5186
7626
988
4807
7909
1420
5127
9479
8198
6549
7248
891
7242
346
8743
8557
2298
2329
3731
4783
5780
1697
6627
9421
8416
5758
7834
5482
1418
1219
613
7192
8500
5004
5193
1640
6129
2290
7289
1834
4505
6650
6379
4566
9798
4350
7025
803
2168
367
460
5574
5028
3005
6217
1354
4023
3336
9667
4576
3088
2716
5358
9213
7482
3456
5435
4603
4617
7506
5249
8314
4803
1846
1007
8666
3249
5708
5976
466
3512
9377
8624
3879
2162
557
3691
2765
5010
3464
2697
8601
6056
4005
342
2181
6735
7421
8237
9413
5038
9129
4107
7294
4169
5742
4752
371
9508
3440
8886
9613
1203
2550
878
9952
8708
8064
6274
7505
5895
3013
9199
4592
4797
3509
7042
1474
2040
3739
9212
6743
4322
626
4164
5965
6972
1824
4997
7379
6587
6205
6370
5987
9410
926
1258
808
4534
5632
4979
4049
1996
1043
5312
3205
1225
3968
9119
1004
5841
3378
3492
2269
4128
8120
5859
2761
5518
8091
5488
5745
5505
1804
6990
202
9570
4187
7907
7061
4925
2767
8758
6621
2003
6114
3831
9873
7584
5341
3522
4254
3100
9026
4105
7221
155
5916
863
1302
9883
8400
5009
2145
5877
4939
7715
1582
695
510
7813
8602
5966
4472
1292
8236
3543
1452
1462
5351
7151
7348
1562
819
8799
9412
3300
4099
911
8787
8846
8173
7103
6678
5951
249
2171
2253
6090
7359
9707
2008
948
4837
2959
4542
4659
482
6613
9647
6954
7889
7293
9128
4135
4755
1839
6121
5739
4801
6402
291
2421
6041
6941
9936
9012
8999
5604
9078
3015
5635
6459
7132
7112
4487
6845
8163
1323
4914
9382
9393
7561
7138
4195
6948
2939
1048
9726
848
4499
8523
4273
5264
3274
6503
9135
4291
2084
9604
6762
3625
9555
9729
4025
5087
3935
5876
3687
3375
8494
9642
8075
3286
9014
9185
8726
3127
1765
132
8615
3426
2877
78
1948
2547
2440
5926
9149
1660
1767
1653
8100
6559
6202
4934
9227
5339
8108
7564
2729
4802
9459
487
8566
7556
325
718
5309
6475
5812
2723
7962
5727
9939
5715
463
1275
3910
7150
1288
7261
334
6198
4482
7870
7060
5279
8962
3804
7265
5790
3380
7887
6747
7832
622
6675
5230
6624
3842
1811
2490
9661
9305
112
9690
4162
2150
4454
8517
845
3958
1407
4890
481
9290
6763
2801
4066
2036
4735
5932
4152
9665
2505
7130
6233
141
7801
7965
2839
8981
7918
2229
9147
8069
7720
7853
7495
7326
5387
2299
3885
2549
3368
9833
2909
7607
3033
3200
9417
6625
8951
1512
4225
3159
875
1187
3425
6016
13
1056
4277
9659
5027
1634
229
3916
5597
3577
5024
9757
2904
4022
8422
9434
1853
6413
7121
1426
4930
1589
2727
9387
1255
6106
2610
4763
8153
1568
4910
8616
7684
3325
8424
6500
3431
619
2240
7062
5302
1763
4046
9150
2452
5229
6389
8503
8476
9455
9295
5803
8969
8768
906
1877
5321
9544
1864
1830
6065
5149
6057
3403
3863
8717
9136
174
3437
7144
6292
1160
7691
9963
1856
9259
8442
1424
9431
8006
3036
4767
5102
9104
2942
2046
1281
1083
4154
3192
8478
2924
4399
9630
6555
3154
4425
6116
6794
2774
345
2035
8121
2726
4151
8986
3193
9620
3754
142
4657
2624
8036
5975
7845
674
4777
5788
6099
5120
8042
975
1743
5100
5749
7683
3304
9997
1741
6874
8080
6147
4829
7908
2650
9002
1228
9174
6406
3903
1156
5294
3888
9907
1960
5643
2007
1969
7199
4905
6442
2724
998
982
3333
1439
536
7843
92
5276
7310
1619
3760
7896
5563
9419
3557
937
197
6027
8649
7890
7174
4071
5208
5636
9216
5318
9745
8770
1594
5246
394
7297
2999
1951
5781
4184
3827
4250
9316
3535
8253
2566
6158
7004
8980
8411
412
5289
5707
8929
7648
6908
971
8459
6967
6655
2825
1677
4477
1545
4884
8005
3544
1348
9330
2752
3884
7279
5215
1327
4299
3478
3995
3837
9217
306
8721
1513
7267
1670
6924
7588
4261
9658
5533
3161
9238
2083
1712
4984
4684
6929
1079
2848
1733
5703
3939
6446
7969
5151
2038
8545
4054
344
3630
2894
128
9685
1391
4382
8177
9071
785
9204
9260
4231
4070
883
7209
966
3042
4733
4249
187
7052
9539
5481
7865
2081
7789
1271
2225
2492
2747
915
736
9311
5377
4077
3523
3093
1734
1059
8224
6362
7436
2136
3133
6213
6785
9158
9797
8797
5508
7076
224
2314
8938
4980
7338
5222
6181
9945
9369
5551
5853
7862
5456
9197
7147
762
5741
7191
4339
4952
4833
6711
4779
7523
1437
3475
6493
5674
545
5822
5173
1411
8010
3148
7065
5720
1335
598
5195
4668
4451
1432
2770
4580
7115
8570
7319
2662
7188
3195
9044
1481
434
8234
3171
1012
271
2789
5194
1909
296
2129
4213
3081
3283
4476
5960
7757
9133
9420
5968
2937
5035
8596
7877
6719
4672
6193
3452
8410
2521
5545
8380
1331
2554
8704
1572
2788
6734
5328
3701
4688
3726
3498
5838
5559
3428
8279
2967
4727
4569
5712
4993
4713
11
6643
3429
3146
4516
5209
6075
4579
7938
6023
5693
2855
4982
2899
1262
1860
5794
3433
623
3075
3590
4882
9902
2881
4656
4035
7390
1942
8132
7956
1238
5993
7958
2893
9202
5618
1296
8335
5752
550
994
8803
4141
2450
4510
8619
98
5117
7438
3496
2089
2938
4359
4967
2935
9725
1188
2968
4673
3657
6323
1100
3211
1639
1475
5592
3334
8806
6909
9884
5732
4644
6219
4253
7049
4800
8873
6561
4839
9752
3092
3774
903
546
7602
1738
320
1487
2143
9673
260
6109
2289
4127
9799
1427
4732
2077
532
6999
5900
3678
6736
393
7645
6208
3574
3902
5778
385
1294
2358
3749
7414
216
5517
2026
4380
902
7751
578
4040
6485
4799
9905
635
4624
4319
428
7120
7017
7630
288
8461
9336
8876
1745
7860
5779
4168
3135
9714
6782
9805
3181
5777
5986
7349
6824
5679
9893
8001
961
6781
1646
5793
9970
3361
6738
3562
5103
610
899
2301
4737
7660
5566
5943
5875
6606
4885
3756
9838
3347
6965
7619
9921
4325
7774
5476
9640
9003
8238
5815
7180
8316
8665
6698
9418
4159
9164
2641
413
5416
4178
9253
7837
6506
360
2124
1910
7108
6547
2687
4895
8110
8892
7815
2520
321
737
6238
9568
5164
3204
7680
110
7922
657
7717
3255
4602
9474
6795
1596
2460
5014
6789
228
8170
5267
8805
1713
238
3421
7245
1899
5541
4081
4793
1592
4683
6102
8885
4867
870
8058
4593
4209
4024
5827
2195
951
6840
8323
9612
990
7094
498
837
3644
4649
4391
6950
7839
3792
6190
3559
8048
1686
8894
2993
1421
8883
3789
3893
1242
5969
5989
2896
7114
2628
9975
4635
6623
4707
9536
3118
5484
1330
108
97
4632
9985
7764
9632
593
5274
2076
601
9368
864
7210
3105
5711
3861
3508
3801
8831
9724
248
5810
5299
247
8540
2842
138
6521
2506
3813
3700
1726
6228
5850
3950
6349
4234
8859
7044
1991
4835
1376
8580
4423
6859
7537
477
4816
1175
6021
2864
1266
4418
5934
8918
8130
8222
121
8430
368
7466
9879
4552
7571
4175
211
2132
1897
3788
5522
4937
5259
9825
1591
5147
2513
2963
5248
7392
3882
8344
2753
2888
7557
8869
2878
9996
3666
8595
6449
1519
8729
4258
4403
1998
3982
9553
8262
7320
3302
1556
3917
9461
3394
4417
9
3551
684
7968
7450
8456
95
7550
790
46
5365
3351
7719
2791
7885
62
2987
1279
5550
2408
6463
9552
9956
8264
7378
4313
615
9475
6348
2112
9795
3264
4544
4502
115
24
2375
289
5950
2502
8867
4120
8317
4692
3643
2931
5669
5110
5391
6145
8276
93
4097
9154
9225
917
2270
408
7318
2577
3172
3221
3444
4834
3735
2945
7985
4001
929
5155
6505
1000
5349
5789
5795
495
7848
7433
3084
4438
4100
2600
9655
3790
4188
6913
7118
1757
4729
5514
2865
6610
3817
589
6369
4065
5069
7668
9938
3909
7020
347
6524
59
3147
8544
3890
3856
3230
6671
1401
9781
1956
6722
163
2039
6932
1548
4812
8427
4473
8283
2860
3862
5510
8815
7705
8620
9649
9264
8949
941
6096
1249
9860
4626
6973
7899
7572
2066
1787
1086
1971
7092
551
6930
4488
1776
3231
1988
6050
3383
4616
887
1150
5474
570
7454
4109
9378
8250
8791
1579
7587
1283
5130
3241
946
7740
9681
777
6598
8221
6229
1257
6754
7300
3121
5520
6450
1941
9811
8213
7682
1590
555
9801
3836
5239
3074
7994
4850
4778
1904
250
4096
3944
6039
1239
5622
8757
259
1002
99
9221
5500
4051
9575
9224
9634
4902
7891
2233
5348
663
5560
418
5974
6817
697
8923
3488
1499
3008
4014
9288
2457
513
9527
295
7327
5176
5450
2054
3469
8407
9763
5977
717
9243
9278
4227
9699
2099
9338
4138
333
2947
4629
8693
768
5757
7231
8392
5804
6514
9365
6767
7468
4953
2239
2580
5379
4851
1120
1069
1322
611
1470
8128
640
6356
5404
8715
7946
8554
4768
6374
5717
9891
3099
558
9389
1518
2043
501
3183
2799
3730
7517
7176
4679
9342
7213
8387
7535
830
9614
8226
3504
6639
7013
7559
2250
5584
6979
8920
7197
276
4179
9548
5836
9569
9583
1180
4685
5764
8420
9143
144
7185
7606
931
8413
4406
7547
205
9457
8983
5184
5630
8134
5927
8241
1643
4133
3385
3821
309
8668
1134
1881
4183
2477
6085
3322
5453
7234
7707
7194
1761
4401
772
1459
919
3729
7658
7771
6353
6888
8450
6870
2261
2455
5085
4131
3298
4342
5311
5690
4770
7541
749
9935
5553
5673
3578
9875
2625
6656
4013
2104
3877
3373
989
1946
7892
6020
8098
8084
7449
5821
1484
9306
3463
7632
6895
3550
7224
5583
962
1220
6420
2560
2433
1933
7957
6405
6199
833
7929
9037
1010
5078
7835
910
7171
2739
634
241
8604
1287
9742
9322
8135
7439
6141
4526
4312
8701
8258
9490
7488
713
7077
9294
9542
4843
8826
7329
4739
7920
1980
9250
9065
9702
1662
9082
2612
3680
257
7522
3004
8800
8819
1722
4764
5354
6709
6275
1309
8425
8818
423
6591
1132
8421
161
1074
7303
9077
7787
2028
7912
6685
2887
9462
6258
6328
7451
2483
8632
8445
1423
55
3056
6226
3109
6660
2211
2100
8157
6298
6012
8495
135
4873
8527
9562
2049
5040
2803
650
3225
4217
8780
1128
7971
8106
6115
8567
5571
9043
6852
5223
6279
6108
2984
7211
2272
5946
5368
5266
5816
1235
3956
8556
652
8129
2267
3815
2779
8154
1840
9610
1577
2406
7558
6310
9739
23
5719
2137
9361
4259
8534
143
5880
1902
4906
2707
7119
1222
5200
192
9285
3713
8020
6669
5998
6489
4631
4441
8793
2047
2097
7408
884
8017
3960
7142
4308
6144
1862
8223
2291
8325
687
6246
6933
9733
4863
3919
6043
8801
2281
7942
4536
4898
2671
9582
4712
8406
2605
8217
2519
636
5182
4738
103
3252
7605
3685
6251
4010
5206
7353
7509
4532
6787
1927
7665
5031
7330
8970
9644
5389
5627
6853
3768
7407
4515
8513
8026
287
4694
7155
3794
2263
9922
8676
1754
2355
9635
1158
6752
1626
5565
7970
9687
2689
7153
2321
4410
442
8740
7075
2387
4106
8405
4960
274
4583
5292
4719
6188
7700
9768
4
914
1501
269
9468
2191
5137
3781
1153
5710
9440
3493
327
7175
4330
1617
61
5865
4491
6082
2257
7840
9046
2443
4736
6118
6995
8629
5465
8694
1124
3234
2064
1832
573
1688
122
8266
6776
4674
7943
980
5612
2491
3324
1620
5283
6946
8455
9364
5395
3256
7776
4041
2781
6162
3637
6771
3572
357
8055
1406
7917
424
9444
5188
8813
5593
5700
8727
2918
7903
5999
4300
6305
6044
1191
9845
473
7828
739
3732
9248
6533
2901
2017
2199
4427
4189
1149
4080
2160
702
4620
2517
6149
5813
1060
9201
1806
29
4581
745
8049
1457
4251
9513
4570
5409
8960
4530
3750
7863
1573
2522
6823
9159
7978
7895
5686
7068
1932
7074
7082
1477
149
8958
7113
6632
3262
4608
8282
1744
8824
8600
9315
6346
6093
5486
6078
547
1084
2157
2977
6525
1644
9254
6409
9223
3664
1077
4647
6891
1243
1199
3734
7681
681
6163
517
3273
7753
2890
4007
9788
2760
5527
8915
9270
70
1234
4995
767
5265
9068
3406
2741
3981
1264
932
5713
2516
9881
7624
2961
77
5342
8294
5053
1986
9906
6126
3142
5748
857
6626
1606
8018
2782
9240
7350
4875
4916
1455
3632
3164
8373
3388
5512
1517
8356
116
2163
1285
2365
9446
8550
9551
7048
4514
4194
6122
2533
6811
9511
8776
9988
7952
7858
869
3905
4871
2587
1107
4551
9115
7531
1301
3952
5424
7463
4741
3900
5995
4413
6160
4367
699
2346
6836
3696
5503
5426
708
2508
8434
2487
5864
3350
2071
5918
851
7051
6653
5737
5375
60
1032
881
505
2394
9509
6733
6269
2986
2337
9486
9308
9991
7599
3761
8000
8247
9554
7768
9067
2892
5190
1635
7671
3061
3797
86
1922
3184
7986
9098
4165
9917
5513
8558
1528
3009
1500
5095
1471
9066
4422
5086
4201
7945
491
6522
4504
9464
5018
7425
1724
963
1089
651
6261
3354
5665
8186
7058
1672
7861
3229
7198
6125
6882
7712
2453
9660
7250
2436
7549
617
8542
1061
2021
6940
253
2814
5385
3267
4265
5272
4389
3261
8607
738
1628
8327
9592
2033
3294
8013
91
1929
1651
9055
6607
2657
4535
1343
3809
8784
7355
4918
1968
1850
5806
1656
1557
3931
8944
8745
1429
6454
1944
4747
3955
1585
649
1204
3834
1930
6502
8251
1819
7576
933
9267
7202
9007
4068
9271
2271
2778
3068
3260
8479
7782
3422
1027
4032
7857
2244
5506
8447
512
2241
5743
9383
5472
4059
7251
6779
9261
4958
6504
5415
7639
2226
6944
430
3869
225
918
6033
6434
5134
7747
1771
2426
5079
3049
9001
2630
6155
4781
2190
2530
9874
1514
3012
1162
794
9843
4353
6421
8804
9262
2883
6462
7435
8230
5178
4370
5381
9866
3174
6245
4963
686
467
6070
1342
9530
5731
4792
4455
4776
3018
719
4962
3222
366
9301
8681
6985
2538
3614
4212
8691
6042
2827
8658
9283
9011
2640
171
5784
2957
8698
3638
8203
3329
4690
2800
7489
431
8252
8695
1949
9177
379
3722
7360
1795
157
9422
9899
7220
2140
6686
741
4968
1015
3149
3330
4233
7794
9425
581
4746
841
6501
4671
4320
7156
7228
1118
2192
1965
5798
5146
2526
898
1812
6172
7499
8193
401
168
7498
5535
2147
9167
2578
5301
775
1838
7472
8617
8992
707
9609
3947
9125
3871
2806
1491
6663
1700
3920
496
4858
9099
9964
1303
3062
3155
1221
4235
843
4697
530
1967
3591
9083
7311
8584
5667
3390
4646
1827
9312
8874
6034
3451
8399
1903
6393
4601
2177
2412
2917
4307
3269
3654
1872
6878
6276
3784
778
7281
8105
8149
179
3959
8525
7690
5325
9004
7095
8968
2973
2306
2382
8573
3841
2991
944
4555
9374
6186
2073
8906
9932
5556
6302
2390
2454
9500
2759
3858
8315
4824
5948
2188
6194
3461
5363
8229
3520
3346
2198
673
9657
1654
3628
1588
323
9207
1393
9596
7818
6241
5084
2541
7410
204
6936
4758
8614
4252
7982
9277
3470
5676
6578
5080
5388
1236
5174
1992
9087
2371
5854
8367
4886
8211
5357
3906
3028
50
4137
8458
844
7161
6156
3556
7264
262
1973
7714
2208
7586
2597
6566
341
7507
7441
486
6387
1696
6089
605
964
2586
5314
3978
6507
9491
9337
2283
9437
1472
6715
283
8008
1297
3439
261
6536
3023
3048
8369
2994
2501
1087
9057
3538
584
1625
4086
8684
4772
7415
8502
7817
9589
4667
9852
9764
6210
4026
9663
8606
3449
603
9101
7633
3291
8469
4996
2030
5479
9777
8872
2249
5250
6077
5963
7622
1419
7070
5579
5478
7179
8902
5058
7178
4748
9571
5326
3001
877
8092
3207
2480
3268
4932
7562
7295
4034
7181
8037
8448
1822
2558
9023
6542
7255
4327
5783
4734
8117
2149
88
4490
6633
5705
4749
3089
959
5039
9578
4199
6467
3314
5886
974
6829
942
7999
2941
5971
639
4053
7028
7693
1314
9404
8677
1192
1963
967
4730
2284
5241
1442
3736
2824
4333
8900
9968
6615
1537
1171
2062
214
9298
5953
7323
5961
1616
5658
9089
1333
4562
6658
9492
1029
4782
6659
5809
3000
8516
8919
3537
6403
9339
3986
8435
2293
263
5928
6918
9834
2996
3886
3471
3157
7810
7699
9232
6568
7059
5189
7583
156
8175
426
1598
2488
8679
9371
8109
9403
6441
7641
3533
6788
9372
8524
2665
294
6588
5353
1815
8823
1065
4163
4774
8603
6960
6026
3414
3564
5329
7987
8047
7799
100
1926
5065
5463
9748
396
6191
1764
4111
8802
3601
2701
5122
3621
7256
9736
9205
3106
765
9051
3438
1053
1657
5787
2979
1305
5023
1778
7340
6427
8979
4501
6677
3112
2148
6983
7905
2674
2110
4386
9331
1133
6148
9006
9226
4564
4924
9865
6330
9670
7071
6307
3017
3845
9992
7285
8821
7628
9450
1068
7426
3872
562
7283
2320
4095
9134
4723
6961
7386
9405
1799
1532
5575
4970
4806
5245
9433
3481
3029
7301
9750
3125
9645
1315
549
1775
6080
1196
6351
8353
5772
535
9073
109
4167
9737
2307
2623
7280
5462
2351
2002
6197
8056
6438
9110
7422
7419
2721
3702
9713
7548
56
3162
8950
4012
9163
4335
3060
8060
9679
7461
727
9144
9257
1260
4272
9178
1945
9258
1316
3682
1473
4750
8621
4332
6331
9901
766
8705
489
44
7527
1742
2872
8536
3263
2095
6157
7711
3573
2746
2787
183
6339
832
1136
8308
2027
8866
1565
4710
2357
8457
9862
3020
7756
7723
599
4318
7396
9449
2912
1398
87
9691
4949
316
4577
4718
7809
2699
6216
9653
1113
8278
1403
2768
435
3436
2300
8338
5829
4009
8663
3041
5256
8769
7646
7687
4604
3190
7961
9447
6
7
3303
2684
7928
3849
6699
8228
4139
1870
3466
5447
6728
3010
6062
4715
2154
9595
9030
5917
6416
7904
8638
9188
63
748
7755
5967
7136
1560
2499
4132
6996
6637
5990
4789
1915
6541
1543
3043
7218
6820
1492
6928
403
4355
7850
711
9392
8488
8952
9840
7856
9771
2180
5268
7009
4665
760
4116
1308
2189
2815
3941
8207
6263
9409
7625
6385
2013
1042
602
223
5168
6833
6705
199
3930
4358
921
4559
6336
1883
7739
5310
3721
6218
4365
972
6580
4853
8112
6898
5952
2594
1836
5938
9817
1237
3887
405
7754
4016
653
4547
633
3751
8210
8683
4775
8023
2268
4123
2683
273
2536
392
6700
4242
4509
6534
1797
9974
8703
564
9671
8899
4050
7953
5114
2819
1170
2273
8537
1165
8328
5599
1040
6605
3915
6419
8714
1217
3411
8152
1752
1412
5334
6444
5163
5496
8628
4037
5436
6100
1119
924
387
6696
1964
3186
5485
1886
1096
4336
1645
1106
9105
5240
6539
6684
6593
19
3377
5699
511
8891
3965
7143
5831
8016
7006
983
1858
6354
8019
297
5002
858
4663
1874
2908
2345
464
3584
6358
9094
4364
7223
5645
7239
2079
6242
7337
8767
5733
2309
8313
8381
1869
5042
3626
612
3692
4832
3970
4969
9255
8998
38
529
4522
2668
7604
7736
5881
7413
5210
2869
8678
7189
8191
7316
9711
5059
5305
9944
9616
4405
8675
2500
5590
6487
9637
6987
6780
3776
6635
6726
7393
362
8329
8581
3275
4681
6577
1937
8868
2456
7502
9346
2627
662
8031
7760
2486
978
36
7079
9299
822
3064
5706
7566
6952
3338
1999
1447
6069
4148
6584
838
6674
9720
1103
1071
5273
7703
8571
9153
5384
8940
140
8522
5133
2381
7819
5055
7941
9505
7485
8155
6264
8432
2626
5262
3926
9165
2685
1866
7078
701
2946
165
855
8754
2667
5984
8245
1112
4619
4948
8498
7868
2167
3881
5454
5090
8731
8301
5067
2050
5119
6657
9574
9785
6994
6411
4424
4090
743
5537
6203
6458
4289
1340
2527
572
8699
5650
1730
8833
1861
169
458
4036
2568
1168
5217
425
5910
8647
2328
1478
3143
6496
3980
9804
324
7273
3873
680
5935
3777
7457
7333
9948
6139
4073
7190
7806
137
4043
9664
7033
3065
586
4361
2256
9994
6128
3889
5343
2201
7126
9008
2363
786
7104
9252
2158
6035
6885
5464
2958
441
1224
5466
3519
8352
312
5882
9611
6755
4554
3277
7939
4745
6620
4864
5444
4852
828
7512
1210
6682
6055
2056
8140
4628
1433
7460
2484
7474
4390
5704
5851
5032
1109
7296
8433
2802
8077
5253
15
9911
523
1783
5747
779
5981
7344
32
6184
8438
7866
793
7679
3441
6123
3138
370
9050
1332
1962
8814
4015
6802
9940
9791
1867
4986
5602
7397
6783
364
8174
3976
3216
8309
2919
1852
5197
4285
4731
4057
1597
2952
1887
2808
8057
3022
3476
8231
2692
6976
6879
9349
7258
620
6386
231
8762
7207
6821
9072
9810
2548
9242
5957
6977
2011
9317
6164
203
8720
6805
2895
182
5624
1637
7206
1679
5093
6363
3918
1486
264
831
8307
4634
8169
4239
9950
797
8572
5332
9386
3076
5982
7177
9593
7342
1363
8079
4256
6947
5760
3479
1566
3459
2405
6896
3306
3499
5171
1552
3875
4280
5330
8214
3987
27
6472
5642
5060
3627
3943
1054
9032
6681
4769
3083
6436
7351
4452
3540
188
5198
7249
8429
3364
7884
6616
162
9275
8712
628
3717
5929
5089
3927
3355
6366
2445
6390
1300
7638
7937
4903
213
6259
6243
4079
1157
3011
7388
9973
1729
3400
2925
355
6176
8332
5420
7803
6137
4946
5011
9442
5324
7278
6480
9019
7591
5955
3490
4492
799
170
1695
3396
8782
2391
9524
7423
4891
7598
2111
3326
5683
8376
5179
4276
7387
4191
4144
8605
152
9816
9282
7139
2875
7322
5430
3596
3404
5681
6318
2001
3594
9540
1921
5860
8685
9132
5613
1172
7282
4430
6931
6866
9140
6732
9137
9348
6796
2897
8680
2617
4003
1841
8941
1693
7325
4346
6750
538
3515
6030
5255
3513
4985
1772
3951
7581
1578
6759
6004
1768
1387
4513
2217
9041
6920
2954
8987
6178
6011
7642
8122
3443
2468
8070
3896
114
9193
2598
2138
2574
3635
8127
6270
5295
886
7475
1623
1358
7417
9854
9914
8829
871
8547
4827
3027
9519
4999
2348
7695
4448
4354
191
7852
8280
4317
2315
9385
526
3235
2763
210
2339
2119
4306
7286
338
212
3402
638
643
4653
8551
2416
1900
6842
9370
6304
7031
9284
4951
630
3362
9375
5303
8673
447
8382
399
2248
2764
6900
2953
4790
5468
4302
1413
4266
1144
7686
5536
2655
8563
3527
4467
2805
9398
9173
361
3697
7530
4660
2482
5906
6424
7874
2108
9557
8146
7030
1705
2882
9774
47
2242
6509
9020
6284
4222
4469
8093
9333
3139
1008
1321
8087
7102
6846
3103
9228
6382
173
7694
7233
7291
1503
1021
876
9373
4362
1019
2755
4440
716
6384
6703
1702
9827
1740
7847
8419
9684
4114
383
6140
5238
1595
7716
7746
8463
6889
6710
3032
8360
8593
3213
7749
6729
1035
751
609
9708
6550
4597
9779
7420
4449
7659
4743
7609
7930
8182
255
618
730
363
2170
7056
5071
8039
3
2335
9819
6902
8263
1671
4636
5763
5941
2559
3812
3676
6091
3335
8751
4458
1147
5996
9265
4760
8844
4464
5954
3992
2142
8299
6466
1030
8426
5458
3524
692
6072
9787
7692
2797
5271
1682
2340
3352
5434
5352
5521
1346
1779
5528
6832
4129
7493
6297
5842
9107
7902
7476
5161
9024
4078
7304
9340
7640
4975
9247
5036
1703
7871
4633
6211
1245
4940
4264
705
9846
6253
2067
8114
909
1216
485
5180
7785
3254
5054
9967
9786
9537
3415
4173
1575
1114
4045
1809
1466
5620
607
624
5979
6433
8493
1736
840
3599
9626
4136
7779
6003
9842
2072
3716
6982
3189
846
5680
7704
521
9790
2223
3454
9048
7614
801
5165
3349
6848
5252
1958
34
3316
9966
6739
1952
5108
565
7886
6523
4913
6368
5380
6583
8956
3773
5345
177
9820
1873
6182
6153
451
4703
4437
6299
600
4397
8518
5825
3611
1031
4699
3838
8842
5019
4481
2868
4329
9281
5890
30
2265
1664
3037
2262
6490
7134
5076
6131
9961
7262
1977
6019
559
9162
1434
5429
8686
6571
3901
9324
5546
1148
6980
8501
6257
1173
5899
4611
1650
3025
2503
4462
5221
4002
1024
3811
5907
4387
6804
896
913
4988
1895
9052
885
1339
4474
7043
1957
575
3835
8591
1469
7678
244
6614
2359
1167
9603
3629
1400
1125
6877
8535
6013
5319
5212
802
8514
8300
107
390
2153
752
2144
2495
3412
8287
2585
5776
9482
3342
5771
7778
2221
9113
7080
2593
993
2481
2798
2817
514
8916
2413
1115
9617
4545
7674
159
834
5852
7010
5509
8552
1684
2237
2772
6142
409
1708
1176
2431
2889
9287
7196
548
2705
3957
4947
5543
7873
860
9641
6629
9904
7833
8473
4267
7800
5356
439
7528
8700
2015
2666
6819
7331
8888
3945
2024
8946
7797
4288
6352
9535
2515
8811
7215
1600
4483
8123
6337
8587
3458
8926
1498
6220
9237
3823
3936
542
6756
6708
8362
2125
5150
5801
6138
8760
6256
3791
5099
7146
553
6854
7744
2621
8462
5631
3272
356
3179
9949
1017
5894
1123
1357
3576
1026
4328
7376
2507
1990
6183
8044
531
3897
389
2032
5761
1185
8530
8225
7133
5105
8796
3648
9706
8412
5529
2563
493
5344
4196
7533
6064
1955
7525
4381
3593
9824
7538
1078
7066
3413
374
5598
4237
582
9869
3830
6935
4808
7867
9487
6793
3120
3852
3265
7758
4321
8657
8312
541
893
1609
1894
6329
7089
6963
9546
5337
3728
2428
6380
6727
1025
4574
9896
5660
2859
139
9249
7122
2583
7148
7540
1020
4140
9977
3119
4149
1691
2826
2020
6477
9526
8384
6758
9231
2749
1803
1405
6857
2659
631
6248
7627
9900
6850
9081
8071
4669
5891
1663
280
754
9488
5153
5664
3569
9731
8340
2107
9962
7137
1985
2185
6361
2092
5043
5313
4524
3608
3554
1586
5157
7838
4716
377
922
2691
2532
2681
1082
6271
5143
6831
936
8807
3053
5461
7163
6321
5609
9138
4819
3778
9888
5614
4568
2646
3660
5104
5449
3086
8471
9533
5480
5285
2471
4870
2873
8240
9360
9981
9121
8073
2601
958
2915
58
8418
8220
3090
7483
632
8913
3972
820
7222
7983
1615
1673
6015
8346
2831
5824
2762
7276
4436
2555
7236
8133
2695
3372
1732
9646
1076
3769
307
4696
7842
8781
1893
5530
9498
1658
9054
7836
5692
8555
7008
7339
7313
2928
6412
7594
2751
2331
2251
6054
8043
9815
9700
6002
410
2736
9538
2539
8725
3727
9773
4166
2304
4324
4457
111
7395
6333
2975
1604
9534
9800
3997
9894
3771
504
4549
4595
8061
2978
977
9727
7027
3131
516
5020
3108
3435
1599
7442
1232
5889
150
1110
1375
1326
8402
3709
8496
193
4197
6425
1493
8196
5216
829
8798
5945
8378
3764
1182
5371
5870
9928
9849
3423
1918
318
6051
2922
9472
3581
7597
8967
7452
5544
1443
2631
8451
889
3387
4349
5257
6765
1780
3301
6707
5107
4498
5914
7354
5166
811
1954
2165
4899
3689
5015
2206
4147
5001
9566
5595
2439
7573
923
3295
2366
8961
5526
4598
986
6000
7765
7047
3775
1984
5439
722
7159
7672
7875
7701
8549
7022
2745
2833
7611
9380
5064
5755
9276
8989
7618
3115
5964
9586
2564
65
4912
5744
2009
130
9230
5736
9864
6746
7916
4523
1735
6975
8035
3675
5937
4439
4190
9651
3214
6373
3505
3417
6081
6165
7644
9941
3948
7567
3500
1231
8764
5056
5398
9439
3167
7302
3766
3299
4076
8669
8275
5162
2678
1131
5008
2608
8974
5421
3258
7773
9850
2019
8519
9518
7332
8065
7481
8460
3489
233
3646
8994
9953
3740
2476
7484
3054
6945
6325
2730
6603
484
2247
8779
5897
2096
783
8261
6133
7647
148
1
1728
6283
4384
48
8131
311
7898
8296
6470
235
8096
5580
6074
3868
4038
41
7623
427
4701
6320
3546
4108
2885
3315
9347
6959
9580
6938
3141
9623
2235
5619
5007
712
3694
6032
2398
7979
8349
278
8576
4360
5936
543
3215
8713
6040
6572
5564
8046
2438
1835
9027
7109
7026
2464
646
1739
2442
5939
5782
1338
3188
8582
358
81
6371
8243
7536
6611
9712
9887
3067
9812
340
3719
54
8298
2545
693
6338
2572
8794
1261
2141
4146
2264
9235
8054
7784
4395
3971
5275
9047
9175
7822
7399
293
1201
2604
1140
4503
1641
372
7831
5725
6683
2282
9957
4087
6079
1982
7995
1580
7086
8194
1542
8935
6905
3938
2525
3874
6640
7991
5401
6192
5516
6744
4879
6664
3474
1341
747
9106
3206
8744
7666
4260
4531
218
6207
7336
2573
6286
7131
2130
2934
8778
4500
7478
3317
3974
4883
8533
1295
8290
683
236
4622
1685
9979
8417
8538
6319
9986
1093
7980
7923
685
5047
497
5290
781
415
7486
4363
1509
3966
2213
3420
508
3803
5170
7428
544
1377
9114
9695
554
2423
5601
2956
4981
2510
3655
1533
5628
5768
8423
1789
479
1465
4887
118
9391
7804
1371
1080
3712
3516
5052
3201
4869
1871
3665
8626
3565
2998
3940
8444
8454
5811
3510
5219
9847
6443
5567
8741
6240
8259
1072
8905
6249
4814
3757
7546
113
1953
3391
7000
2418
675
5077
1438
759
8119
9807
1039
134
2075
9160
3782
6268
825
787
2771
5048
7849
9352
8150
8284
9694
4648
9189
5177
7306
6266
9886
5549
658
9109
2205
8363
3963
8235
6177
8289
1807
6303
6822
9652
8124
1516
5581
400
2378
3259
3432
2196
2599
8719
237
3991
9561
2634
7266
2000
1038
7166
8216
4677
5861
6916
21
2561
9532
6367
8623
5422
1885
422
4766
8788
5576
9738
3561
4338
6986
4762
8847
1526
3198
7173
6068
6513
5169
614
1350
9142
3511
3977
9675
1808
3116
8702
3251
9958
8742
5709
8440
2675
5390
1063
83
880
8898
9367
2473
1467
6814
1642
3034
9292
2523
9319
4714
5470
7269
3339
8763
4126
5633
6618
1143
7534
8932
552
7777
2537
2274
5862
3168
2070
9198
7127
1409
1851
4921
6173
7317
1428
8772
4156
7448
9049
1223
4711
9668
1246
380
6861
1605
518
8095
5049
3718
7570
2535
4433
2962
2277
2334
3114
9806
5406
6117
8507
7462
1816
8197
4153
4965
1186
2932
4294
2353
7467
5701
4613
4691
9091
7655
1520
4459
3949
2812
3673
981
3725
8993
3912
120
5835
2155
8014
4920
8076
6545
2670
9127
9313
7927
6864
7002
7735
8188
6955
1976
9643
7459
804
6724
3165
2318
9504
2407
7921
6695
2913
2828
322
8897
6871
6497
7097
6768
3343
6430
8285
5774
1441
5985
5980
1888
2425
1833
8385
2302
3693
4642
5726
6435
4310
9466
7444
7157
2592
2031
6418
2754
8195
7948
8848
5131
8361
5451
4275
1135
1541
6560
2672
9832
5083
6720
2411
2311
6644
4297
2676
6530
800
3434
8526
835
943
8482
1392
3742
3134
384
6414
6262
3376
8032
2446
9187
9565
381
5819
7149
1505
1800
4846
2385
721
8975
5291
2173
1174
5626
4185
7243
6540
862
9476
9572
3618
500
4740
6364
2903
3392
9062
746
8477
2910
2603
1534
3953
5278
5469
3814
5455
7380
7718
7128
1749
5647
1362
8161
9075
9210
4211
3796
3409
9362
1647
6688
2200
2183
5234
6701
6798
509
181
2900
847
1159
9302
7352
5400
698
242
8748
7384
2570
462
4198
6894
7880
1070
8428
756
158
7926
7321
9209
2810
585
1121
8861
6706
7160
4728
2414
3558
791
9549
3743
2916
9241
5826
1710
2898
7470
7073
9890
6439
3219
9010
8840
2400
8375
2773
2053
655
5688
859
7932
3589
4757
2404
6964
1395
9662
326
1370
8735
6586
706
3908
8368
5770
6332
2063
6978
1766
6897
3714
4337
2316
4104
3238
4368
2732
1510
8233
7427
4446
9734
9168
8690
1117
995
1970
6712
5088
7529
8774
35
9016
2955
1989
1876
6602
8097
3528
6915
3658
8004
3932
3367
124
5288
1390
6630
9448
973
6651
5554
3560
4900
4404
7084
9040
1527
4282
3087
2829
7054
5534
1369
8126
3136
7307
4088
7369
6535
8579
4475
5983
3124
1884
8239
3405
8775
8187
934
5097
7713
8808
220
7568
3553
8756
8443
8437
806
4118
5691
2364
2234
9502
4511
9590
8830
4122
3588
9597
5738
7152
9028
9913
4759
5903
1430
2680
6311
5654
888
7657
7098
2441
7201
6060
4786
5570
8667
8366
5191
5167
1878
8506
1668
1394
9304
1649
4431
5419
7088
7432
1320
5057
9397
7955
9545
5121
2711
7508
1584
5156
2179
6484
5124
2303
7959
9772
9794
5997
2042
5651
7164
827
6022
2980
6278
7820
3185
6483
2312
7083
3495
1209
7543
8827
8718
3038
8499
2790
43
568
5232
1720
57
8260
4119
1714
2374
1299
9870
8474
8370
3309
1630
6809
2424
4538
9117
3244
5403
8078
5251
7996
7479
2069
1829
66
7608
7960
22
5754
9710
1445
5432
9181
4725
6934
2926
1791
8166
6407
305
7011
6120
6340
5408
4271
9978
5905
892
9927
1667
2275
6981
7391
6136
8937
4584
4686
4180
8509
1624
4394
8977
5136
8991
9740
5629
8391
7878
6731
8724
9601
2245
7514
6910
2466
4048
9506
359
3357
4868
8564
7940
7579
1386
2409
9814
438
679
4936
31
5126
2437
1240
7728
9689
2845
527
5885
724
4862
6998
2551
3624
2989
4284
9943
9344
3344
9529
7345
1648
8635
6648
1067
4976
1865
3521
8599
9760
3239
9602
664
2379
7721
1345
2
7864
4286
5066
6702
6168
3359
7464
52
5218
3491
7944
2322
4983
2369
6111
6590
3237
4955
1536
5440
5284
7565
2458
2651
9793
1689
4606
5909
3867
8389
440
3649
710
3430
3851
1847
8966
4717
89
8973
3545
8011
8734
2582
8270
4582
6324
252
5141
9693
987
1404
2115
3942
9485
4966
5817
6595
2658
1782
2858
6410
3904
2461
9297
6764
1681
298
7788
8783
9291
4721
7343
2016
6992
1440
7366
2816
3613
8414
4221
5697
6277
8179
9334
1495
6911
2118
8446
720
6287
5921
3807
7254
1844
8963
9876
8755
8884
5499
2677
591
6375
9467
5423
4357
3057
6301
1717
4033
5417
5361
2794
2197
6312
1151
7046
6718
7812
960
5668
2238
6061
1399
6009
6570
6631
7038
1531
9268
2159
2350
1659
6597
2176
9116
5125
606
6599
2856
6479
1979
8656
7373
3706
4444
2260
5483
9926
6769
4578
189
5304
9443
9627
1917
8839
7187
8151
267
3663
5491
417
6322
2871
6567
3111
2609
5641
4590
4245
1490
3786
125
4214
7688
7093
2485
8710
4200
9755
6431
608
6132
4926
7882
2025
5844
5261
4742
8711
5467
637
3826
9648
5370
5129
2279
6170
5652
9460
4794
3819
7520
2326
7974
5689
668
80
7445
2276
9471
6006
5333
3337
3747
201
2874
4461
5308
3292
2447
8568
5696
9256
9769
6652
6661
2106
1347
3363
7085
2297
8930
1854
1701
7358
1794
1311
6143
5477
7169
7277
574
8172
8178
14
2133
1161
4341
8311
3723
9993
770
696
6515
3356
1564
3793
809
4795
5799
8828
1408
8879
1863
8707
7582
6997
3073
4171
6046
1636
4520
3636
375
1050
7989
3922
2068
1544
1747
4678
1943
6394
3514
6260
6426
7539
8395
3483
6943
3990
4008
8765
2965
3969
8575
3497
3232
1127
3052
4411
5994
7372
5316
4192
9172
3442
9976
1538
4831
9131
7272
6672
3880
5949
3755
7729
9930
9931
8841
8386
9435
3290
4243
7631
5016
7634
4836
5427
7227
5662
79
5596
2511
3296
5017
661
6692
7553
2029
9841
2373
9895
6668
1756
7951
6654
7437
3603
2393
4004
6725
8137
6314
2478
7590
2702
2006
6953
6818
2696
1504
411
8976
7603
7200
8310
2161
2392
7374
5773
8648
725
4706
5160
8594
1334
4226
8749
7170
5702
9053
1603
6537
8957
7888
1359
4383
769
6925
8645
8810
6694
5519
9151
119
282
9345
1923
8431
185
6772
771
3473
1218
4854
3194
2591
2757
7824
1480
388
5671
6862
1137
4894
5116
3677
3455
7406
7016
3552
9497
4666
9269
7299
5331
2540
8218
314
5623
3297
5655
2384
2216
7685
4058
6417
4314
6391
6209
2836
1037
6045
2058
7578
6244
457
9885
1723
3218
7792
71
5006
9744
5199
6429
3117
1284
8746
9070
6662
4923
4964
8246
7879
3772
7288
272
6543
8936
9878
339
9489
2807
9095
5723
8672
4680
9157
6919
8825
5495
816
8753
1855
901
5411
945
9222
8302
1494
7328
6491
4591
8082
1935
9454
4351
1361
9031
2841
8835
2862
3704
3472
4426
3800
6232
9828
5805
939
4182
3741
94
7212
5532
1057
9863
3892
6154
8631
3448
6201
2372
8491
3651
239
1842
6813
1356
4373
6024
813
2498
7116
1868
4303
6482
4281
1129
2769
7795
7019
1355
3679
4248
2602
3399
5538
8559
8630
7752
4705
2804
592
432
953
3604
299
3999
5638
8851
1104
6234
9677
905
9758
2664
6300
1101
7298
2734
7029
1179
6958
160
9452
7954
4944
2202
2966
4069
7706
4811
5021
190
474
534
154
9182
6984
2614
5616
1256
5922
3070
4998
1919
4600
3078
9300
4434
3996
1914
6869
1632
10
5410
166
7781
3662
5034
6860
9208
9244
7168
8050
1936
7429
6569
5082
3397
4872
8242
6267
2720
5872
6592
7972
8199
7763
3288
9587
3846
4348
5490
8377
850
9775
8843
2386
3095
5115
9000
6576
7072
319
6774
5336
9069
6697
5577
7696
2777
9728
4821
9203
928
1453
8877
5235
9171
25
9021
4866
621
8291
8689
8038
4416
2055
8613
9184
5260
2743
9573
5687
4788
1587
4262
4445
7592
2921
2389
4323
6757
6098
865
4709
9923
1908
7697
4450
2187
292
9350
2294
1211
2052
459
2214
4889
8341
1336
3984
1454
2565
3549
7727
1975
3765
3169
5942
5814
7924
5446
8466
2123
3153
3246
8943
8849
7738
8909
20
8322
5962
4232
7182
1318
8878
2981
4744
3287
8398
5940
1550
7730
4537
9166
9495
1410
8903
6851
7829
3410
6552
3937
5833
9882
3071
2613
1549
131
3253
9093
9286
3639
5898
6797
6007
4340
243
8865
9531
8470
7667
1244
6716
3393
2135
5233
4263
5360
483
2212
133
2576
3069
1593
2152
3770
3318
1849
3182
8529
6922
5901
1337
4055
5073
8409
1792
9118
7925
9192
6835
6294
8959
2837
9615
7585
420
3859
1317
8116
5607
5196
7710
329
3620
6097
3536
2044
5908
4695
9625
8304
5154
4223
2528
488
7769
5569
3446
3816
7510
4089
2914
6538
3270
6951
7377
4796
9402
2496
7825
9326
7883
468
9753
577
9631
7931
9076
7532
5746
8293
1690
3686
5912
2693
3748
6422
1381
2093
1388
1154
9823
2964
8372
6083
965
580
4161
5254
5698
6473
7500
5405
6532
1981
222
2970
1252
5286
1033
9600
5270
175
6451
2087
8978
6309
1966
4751
4092
5142
9674
3408
1563
9605
7612
1845
5374
8687
7099
3453
642
2080
1324
4215
4379
2463
5431
854
4506
1372
7654
7503
7676
9234
9618
3281
1820
519
5448
1950
8148
8716
7290
815
9654
8608
397
4415
7702
8320
8553
5973
2832
8515
2995
4130
331
895
1583
3050
2509
6094
1290
6745
9680
8007
744
28
7783
7226
3967
3582
7263
2584
3223
3681
72
2694
1843
3946
4813
7237
6622
9705
1891
6189
5135
9972
7997
7100
1011
818
755
4220
5767
9622
5896
7005
7347
1193
8248
3548
5041
9507
2296
2867
9516
4826
671
9084
3486
5837
9692
5832
5734
9959
1142
4400
219
890
9325
8887
3173
8610
6912
5800
5399
8403
369
476
6495
5109
3642
8697
208
9584
2403
812
352
3622
4907
6341
3518
5678
1817
1349
7183
2215
4352
5845
3224
2562
1108
764
733
4331
3580
7949
648
8321
8855
1034
1571
8081
1934
7346
8484
9514
2879
2204
5591
5847
1773
3979
2703
7976
1189
7963
2228
4820
6092
8094
12
5930
2305
3220
9577
1814
9867
8639
1208
2712
9946
8592
2427
8142
2742
823
8354
2231
670
4605
5029
6604
821
1727
8295
8912
4670
731
3833
1601
1416
7240
7975
938
9501
1214
3450
2243
3839
3961
9108
5092
8733
5158
4375
9126
8147
7260
5791
2744
6408
16
2615
2811
2647
3003
8189
9656
3210
3822
1272
7015
2911
348
4651
7308
1629
583
2103
3674
8965
1920
2552
2639
1497
4006
9830
2448
5675
528
9912
3600
8449
6288
8730
6907
2333
2430
6528
665
5750
6825
2622
8893
1267
9396
1212
5091
102
2660
4371
5148
3480
5585
1091
7911
6088
7193
4655
7367
4561
4052
9074
1810
6206
9191
6342
9390
4497
805
4134
275
9608
789
4640
3534
7732
7766
6676
6494
2834
2494
5022
7726
742
7596
6488
1939
7593
3150
5572
8822
433
5797
6766
3994
9732
7364
4207
7733
5656
8597
9215
2497
9063
9296
2948
3829
8982
9353
1164
5293
2399
454
8286
4915
6052
8871
1365
4181
2010
3891
4990
6828
8051
1367
304
5140
8654
3913
2905
9995
5471
9880
3199
9394
5867
8997
6031
4841
1417
3808
6355
9761
4641
8939
2203
5386
3501
3487
9009
8640
9428
4145
7229
4950
4971
9903
2733
1489
9310
6858
6103
5913
2224
4587
8481
5112
5144
3670
3865
7661
9826
7368
8838
5657
6873
9743
3128
4343
2793
9272
4408
6988
2349
4957
4110
3066
9456
8836
4978
8850
2971
8858
2785
2990
4027
954
5823
1612
7252
5714
7708
2809
232
1719
8786
935
8671
3228
3656
9581
4210
2569
9766
3424
4896
3113
7552
9918
3212
1916
5277
6428
3178
5258
1558
3166
1097
2682
6457
8068
9715
2906
9251
5992
659
6868
6308
7544
7455
6150
4645
8347
645
1622
4521
4809
1130
8792
1907
7312
2663
4017
1821
2139
1912
4830
5228
8723
5418
4062
5175
6465
4176
740
9219
5322
5603
9122
3640
1997
8655
7012
8324
8709
6887
2546
8816
7403
5672
9025
1248
7140
2611
6883
4543
5428
5094
1539
4931
2735
3240
5892
4938
3711
7947
2489
4954
1521
4113
7035
8644
5759
6134
3787
3883
3398
1613
4029
682
8812
5364
2383
2475
8880
1482
8651
4529
7292
3645
4478
4172
1523
9650
6469
3416
4825
3321
1898
2074
6803
378
4484
5718
6448
1468
9934
1105
3236
4838
6214
1928
4102
6468
4756
8374
6872
9343
3708
1631
540
3340
9111
349
6784
2122
9871
4615
5666
4385
8181
9327
3276
5621
2288
3602
6175
5113
6372
9861
6008
2258
7933
8870
2822
4893
9473
4550
7409
9512
8771
2045
4676
317
9998
4224
3328
8028
4098
4274
9169
8521
2846
6723
9156
7382
8401
8904
1676
6437
1993
9802
6396
6486
6095
6810
254
9722
164
1751
9424
3374
4539
8383
9780
2088
8074
8561
3555
2929
8273
9984
444
7516
4855
7232
2706
8664
7314
1414
5883
2524
5730
9672
5786
4072
9749
337
6519
3180
9999
146
7003
2292
4218
3715
4205
1746
7515
7477
2645
7511
9859
9494
7998
4229
8052
3024
2012
7370
461
6224
8928
2886
5765
284
7309
6335
4283
492
9195
1233
2902
879
9767
4556
5213
5959
147
677
5879
1044
2792
5460
9085
6690
4244
9314
6180
6679
308
9591
195
3331
6582
3652
226
6927
3828
4857
9088
4028
7398
2710
925
3610
2985
9415
3503
1126
9585
6557
6293
3806
2220
7216
1351
7577
3683
2376
861
5740
904
2354
9096
9279
1828
4991
9039
4917
4908
8955
4206
7780
7542
7225
6556
9837
4508
2018
8288
1694
6903
690
8738
1155
3279
1227
8045
82
5558
1813
470
4625
4753
1389
5625
4347
2341
351
5347
1259
2367
5502
5648
5205
9092
8281
3203
4897
1009
9273
5920
3266
5072
4047
9388
5220
1879
8809
6200
5181
8067
258
7001
1750
2218
9989
1987
4911
3899
7381
4093
1202
1051
9097
127
5026
853
2725
594
4877
2343
9335
3365
735
729
4573
8931
5863
5132
8441
5242
2109
2308
5005
3094
1460
8722
2571
6105
8111
1090
3985
7913
2637
6289
4372
9564
1276
7335
7595
445
101
2688
9721
6087
3320
4420
2766
8948
286
2222
3878
8652
872
5201
2388
7964
4150
6166
2820
480
2169
2642
5670
1274
7827
6849
7434
9751
6460
774
1368
7722
4992
1289
4311
5393
2090
1665
4021
1554
6282
796
9678
2606
4612
947
5214
1385
2207
5582
3445
8265
9139
5884
3145
2780
9933
4486
3293
6751
456
3122
1777
715
1344
3044
5494
1268
3040
9245
494
9515
6159
90
8646
9426
7664
7580
7487
2420
7973
9496
5492
7324
3285
0
6834
874
5187
9430
3030
1213
5204
4466
8144
4435
4623
6151
2709
5869
3847
991
1687
782
8303
6741
1790
1753
5677
64
6800
4682
9965
9619
200
7762
6104
3278
1559
8180
4334
999
4823
1555
984
750
5172
5382
5573
8917
5661
9061
1823
5531
3894
7814
3587
3921
5552
3085
129
1540
6018
6847
4460
5871
9696
4018
2588
8021
7402
4942
5362
6377
7257
6649
6476
5856
5340
5830
5756
3187
6343
6227
5145
7357
3780
2459
4722
4546
6799
2960
4822
1102
9688